,day,number,total
0,0,1,1
1,9,1,2
2,17,1,3
3,21,1,4
4,23,1,5
5,30,1,6
6,31,1,7
7,38,1,8
8,44,1,9
9,48,3,12
10,49,3,15
11,50,1,16
12,54,2,18
13,55,1,19
14,58,3,22
15,64,2,24
16,66,1,25
17,67,1,26
18,69,1,27
19,70,1,28
20,73,1,29
21,76,1,30
22,78,7,37
23,79,1,38
24,80,3,41
25,83,1,42
26,84,4,46
27,86,2,48
28,87,1,49
29,95,1,50
30,102,1,51
31,106,1,52
32,107,4,56
33,108,1,57
34,111,1,58
35,113,1,59
36,114,2,61
37,118,1,62
38,119,1,63
39,121,1,64
40,122,2,66
41,125,4,70
42,126,1,71
43,127,1,72
44,128,2,74
45,129,2,76
46,134,1,77
47,135,2,79
48,139,4,83
49,140,2,85
50,141,5,90
51,142,1,91
52,143,3,94
53,146,3,97
54,147,2,99
55,148,3,102
56,149,2,104
57,154,3,107
58,155,3,110
59,157,3,113
60,160,1,114
61,161,3,117
62,162,1,118
63,163,5,123
64,164,1,124
65,165,1,125
66,169,2,127
67,170,1,128
68,171,2,130
69,174,2,132
70,175,3,135
71,176,4,139
72,177,4,143
73,178,1,144
74,183,3,147
75,184,1,148
76,185,3,151
77,188,2,153
78,189,3,156
79,191,1,157
80,192,3,160
81,195,2,162
82,196,3,165
83,197,4,169
84,198,1,170
85,199,4,174
86,201,1,175
87,202,2,177
88,203,1,178
89,204,5,183
90,206,1,184
91,209,3,187
92,210,2,189
93,211,3,192
94,213,5,197
95,216,2,199
96,217,3,202
97,218,1,203
98,219,18,221
99,220,1,222
100,224,1,223
101,225,1,224
102,226,4,228
103,227,1,229
104,230,2,231
105,231,3,234
106,232,3,237
107,233,1,238
108,234,8,246
109,235,1,247
110,239,2,249
111,240,3,252
112,241,4,256
113,244,3,259
114,247,1,260
115,266,5,265
116,267,4,269
117,269,1,270
118,272,2,272
119,273,4,276
120,274,1,277
121,275,2,279
122,276,3,282
123,279,2,284
124,280,1,285
125,281,1,286
126,282,6,292
127,286,1,293
128,287,1,294
129,288,5,299
130,289,6,305
131,290,7,312
132,291,1,313
133,292,1,314
134,293,4,318
135,294,1,319
136,295,7,326
137,296,6,332
138,297,5,337
139,298,2,339
140,299,1,340
141,300,5,345
142,301,1,346
143,302,1,347
144,303,1,348
145,304,2,350
146,305,2,352
147,308,1,353
148,310,1,354
149,311,6,360
150,314,2,362
151,315,2,364
152,316,1,365
153,317,2,367
154,318,6,373
155,319,1,374
156,321,3,377
157,322,5,382
158,323,6,388
159,324,5,393
160,327,4,397
161,329,3,400
162,330,6,406
163,331,4,410
164,332,6,416
165,335,2,418
166,336,2,420
167,337,6,426
168,338,3,429
169,339,3,432
170,344,1,433
171,345,1,434
172,346,1,435
173,349,6,441
174,350,1,442
175,351,1,443
176,352,1,444
177,353,1,445
178,356,1,446
179,357,3,449
180,358,2,451
181,359,1,452
182,363,4,456
183,364,3,459
184,365,2,461
185,366,5,466
186,367,5,471
187,369,1,472
188,370,9,481
189,371,3,484
190,372,8,492
191,373,3,495
192,374,7,502
193,375,6,508
194,377,1,509
195,378,1,510
196,379,4,514
197,381,6,520
198,383,2,522
199,384,4,526
200,385,5,531
201,386,6,537
202,387,7,544
203,388,6,550
204,392,3,553
205,393,5,558
206,394,4,562
207,395,2,564
208,397,2,566
209,398,3,569
210,401,2,571
211,402,1,572
212,405,1,573
213,406,5,578
214,407,2,580
215,408,2,582
216,409,2,584
217,412,3,587
218,413,1,588
219,414,9,597
220,415,10,607
221,416,2,609
222,417,2,611
223,419,2,613
224,420,4,617
225,421,4,621
226,422,4,625
227,423,3,628
228,426,1,629
229,427,3,632
230,428,5,637
231,429,6,643
232,430,5,648
233,433,11,659
234,434,6,665
235,435,14,679
236,436,2,681
237,437,2,683
238,440,4,687
239,441,4,691
240,443,4,695
241,444,4,699
242,447,4,703
243,448,5,708
244,449,10,718
245,450,2,720
246,451,1,721
247,452,1,722
248,454,3,725
249,455,2,727
250,456,2,729
251,457,2,731
252,458,4,735
253,459,1,736
254,460,1,737
255,461,1,738
256,462,1,739
257,463,1,740
258,464,1,741
259,467,5,746
260,468,6,752
261,469,5,757
262,470,6,763
263,471,2,765
264,472,3,768
265,473,1,769
266,475,3,772
267,476,2,774
268,477,4,778
269,479,4,782
270,480,1,783
271,482,3,786
272,483,2,788
273,484,2,790
274,485,6,796
275,486,6,802
276,489,1,803
277,490,1,804
278,491,1,805
279,492,1,806
280,493,1,807
281,496,1,808
282,497,6,814
283,498,3,817
284,499,9,826
285,500,2,828
286,501,1,829
287,503,3,832
288,504,1,833
289,505,4,837
290,506,5,842
291,507,4,846
292,509,2,848
293,510,2,850
294,511,1,851
295,512,1,852
296,514,3,855
297,517,3,858
298,518,5,863
299,519,8,871
300,520,6,877
301,521,7,884
302,524,1,885
303,525,2,887
304,527,3,890
305,528,4,894
306,529,1,895
307,531,3,898
308,538,4,902
309,539,1,903
310,540,3,906
311,541,1,907
312,545,3,910
313,546,1,911
314,547,4,915
315,548,4,919
316,550,1,920
317,552,5,925
318,553,7,932
319,554,5,937
320,555,1,938
321,556,3,941
322,558,1,942
323,559,1,943
324,561,3,946
325,562,2,948
326,563,3,951
327,566,1,952
328,568,3,955
329,569,4,959
330,570,7,966
331,573,5,971
332,574,3,974
333,575,2,976
334,576,8,984
335,577,6,990
336,578,1,991
337,580,1,992
338,581,2,994
339,582,6,1000
340,583,6,1006
341,584,3,1009
342,585,1,1010
343,588,5,1015
344,589,2,1017
345,590,4,1021
346,591,1,1022
347,593,1,1023
348,594,6,1029
349,595,1,1030
350,596,6,1036
351,597,7,1043
352,598,7,1050
353,599,1,1051
354,601,3,1054
355,602,1,1055
356,603,2,1057
357,604,3,1060
358,605,2,1062
359,608,3,1065
360,609,4,1069
361,610,4,1073
362,611,1,1074
363,612,3,1077
364,617,4,1081
365,618,3,1084
366,619,10,1094
367,621,4,1098
368,622,1,1099
369,623,1,1100
370,624,14,1114
371,625,34,1148
372,626,23,1171
373,629,26,1197
374,630,33,1230
375,631,14,1244
376,632,22,1266
377,633,32,1298
378,636,15,1313
379,637,15,1328
380,638,11,1339
381,639,10,1349
382,640,15,1364
383,642,1,1365
384,643,6,1371
385,644,13,1384
386,645,11,1395
387,646,16,1411
388,647,11,1422
389,650,4,1426
390,651,7,1433
391,652,2,1435
392,653,2,1437
393,654,2,1439
394,655,1,1440
395,657,1,1441
396,658,1,1442
397,660,2,1444
398,661,2,1446
399,664,3,1449
400,665,4,1453
401,666,4,1457
402,667,2,1459
403,671,2,1461
404,672,1,1462
405,673,2,1464
406,674,2,1466
407,675,1,1467
408,678,2,1469
409,679,3,1472
410,680,4,1476
411,681,6,1482
412,682,1,1483
413,684,1,1484
414,686,3,1487
415,691,1,1488
416,693,1,1489
417,695,1,1490
418,698,3,1493
419,699,1,1494
420,700,2,1496
421,701,2,1498
422,702,3,1501
423,703,1,1502
424,706,3,1505
425,707,2,1507
426,708,2,1509
427,709,1,1510
428,710,2,1512
429,712,1,1513
430,713,1,1514
431,715,2,1516
432,722,2,1518
433,723,1,1519
434,724,1,1520
435,727,3,1523
436,728,4,1527
437,731,3,1530
438,733,1,1531
439,734,1,1532
440,735,2,1534
441,736,1,1535
442,737,5,1540
443,738,1,1541
444,741,1,1542
445,742,3,1545
446,744,4,1549
447,745,1,1550
448,748,2,1552
449,749,2,1554
450,750,1,1555
451,751,3,1558
452,752,1,1559
453,753,1,1560
454,754,1,1561
455,756,1,1562
456,757,2,1564
457,758,4,1568
458,763,1,1569
459,764,12,1581
460,765,4,1585
461,766,6,1591
462,767,1,1592
463,769,5,1597
464,770,1,1598
465,771,2,1600
466,772,5,1605
467,773,1,1606
468,776,2,1608
469,777,1,1609
470,778,1,1610
471,779,3,1613
472,780,2,1615
473,783,2,1617
474,784,3,1620
475,785,4,1624
476,786,5,1629
477,787,3,1632
478,790,4,1636
479,791,4,1640
480,792,5,1645
481,793,6,1651
482,797,2,1653
483,798,4,1657
484,799,5,1662
485,800,6,1668
486,801,7,1675
487,803,1,1676
488,804,9,1685
489,806,4,1689
490,807,1,1690
491,810,1,1691
492,811,1,1692
493,812,1,1693
494,813,2,1695
495,814,1,1696
496,815,9,1705
497,818,3,1708
498,819,5,1713
499,820,4,1717
500,821,6,1723
501,822,5,1728
502,825,2,1730
503,826,1,1731
504,827,2,1733
505,828,3,1736
506,829,4,1740
507,832,8,1748
508,833,3,1751
509,835,2,1753
510,836,10,1763
511,838,1,1764
512,839,5,1769
513,840,11,1780
514,841,4,1784
515,842,3,1787
516,843,5,1792
517,844,1,1793
518,846,2,1795
519,847,1,1796
520,848,2,1798
521,849,1,1799
522,851,1,1800
523,852,1,1801
524,853,2,1803
525,854,6,1809
526,855,2,1811
527,856,2,1813
528,857,4,1817
529,858,1,1818
530,860,4,1822
531,861,4,1826
532,862,2,1828
533,863,6,1834
534,864,1,1835
535,865,1,1836
536,866,1,1837
537,867,2,1839
538,868,3,1842
539,869,7,1849
540,870,1,1850
541,871,2,1852
542,873,1,1853
543,874,2,1855
544,875,3,1858
545,876,4,1862
546,877,4,1866
547,881,1,1867
548,883,1,1868
549,884,2,1870
550,885,1,1871
551,888,1,1872
552,891,2,1874
553,892,2,1876
554,895,1,1877
555,902,1,1878
556,903,4,1882
557,904,2,1884
558,905,2,1886
559,906,1,1887
560,908,1,1888
561,909,2,1890
562,910,5,1895
563,912,1,1896
564,913,1,1897
565,915,2,1899
566,916,1,1900
567,918,1,1901
568,919,1,1902
569,920,4,1906
570,921,1,1907
571,925,1,1908
572,926,2,1910
573,927,2,1912
574,930,1,1913
575,931,5,1918
576,932,1,1919
577,933,5,1924
578,934,1,1925
579,936,1,1926
580,937,1,1927
581,938,4,1931
582,939,1,1932
583,940,3,1935
584,946,2,1937
585,948,3,1940
586,950,1,1941
587,951,5,1946
588,952,1,1947
589,953,1,1948
590,954,4,1952
591,955,5,1957
592,958,4,1961
593,959,4,1965
594,960,4,1969
595,961,5,1974
596,962,4,1978
597,963,1,1979
598,965,1,1980
599,966,2,1982
600,967,1,1983
601,968,1,1984
602,971,3,1987
603,972,1,1988
604,973,4,1992
605,974,1,1993
606,975,2,1995
607,978,4,1999
608,982,2,2001
609,983,1,2002
610,986,2,2004
611,987,1,2005
612,989,2,2007
613,990,2,2009
614,992,1,2010
615,994,4,2014
616,995,1,2015
617,1002,1,2016
618,1004,1,2017
619,1006,1,2018
620,1009,1,2019
621,1015,1,2020
622,1022,1,2021
623,1023,1,2022
624,1029,1,2023
625,1030,2,2025
626,1031,1,2026
627,1032,4,2030
628,1036,1,2031
629,1044,2,2033
630,1045,1,2034
631,1051,3,2037
632,1058,1,2038
633,1059,1,2039
634,1063,3,2042
635,1066,1,2043
636,1070,2,2045
637,1072,1,2046
638,1073,4,2050
639,1074,1,2051
640,1077,1,2052
641,1078,1,2053
642,1088,1,2054
643,1093,1,2055
644,1100,1,2056
645,1101,4,2060
646,1102,1,2061
647,1106,1,2062
648,1107,2,2064
649,1108,1,2065
650,1109,1,2066
651,1110,1,2067
652,1112,4,2071
653,1113,2,2073
654,1114,10,2083
655,1115,1,2084
656,1116,4,2088
657,1117,4,2092
658,1120,2,2094
659,1121,1,2095
660,1122,4,2099
661,1124,1,2100
662,1125,3,2103
663,1126,6,2109
664,1127,1,2110
665,1128,3,2113
666,1129,2,2115
667,1130,4,2119
668,1131,3,2122
669,1133,4,2126
670,1134,6,2132
671,1135,1,2133
672,1136,1,2134
673,1137,2,2136
674,1138,2,2138
675,1140,3,2141
676,1141,1,2142
677,1142,3,2145
678,1143,3,2148
679,1144,1,2149
680,1147,1,2150
681,1148,2,2152
682,1149,1,2153
683,1150,4,2157
684,1154,6,2163
685,1155,2,2165
686,1156,1,2166
687,1157,5,2171
688,1158,1,2172
689,1159,1,2173
690,1162,3,2176
691,1163,3,2179
692,1165,4,2183
693,1167,2,2185
694,1168,1,2186
695,1169,5,2191
696,1170,2,2193
697,1171,1,2194
698,1178,1,2195
699,1179,1,2196
700,1184,1,2197
701,1185,5,2202
702,1186,2,2204
703,1190,1,2205
704,1192,2,2207
705,1193,1,2208
706,1196,1,2209
707,1197,2,2211
708,1198,1,2212
709,1199,1,2213
710,1202,1,2214
711,1203,3,2217
712,1204,2,2219
713,1205,2,2221
714,1210,2,2223
715,1211,2,2225
716,1212,1,2226
717,1213,2,2228
718,1214,1,2229
719,1217,1,2230
720,1218,2,2232
721,1219,2,2234
722,1220,1,2235
723,1221,1,2236
724,1225,4,2240
725,1226,1,2241
726,1227,1,2242
727,1228,3,2245
728,1233,3,2248
729,1234,1,2249
730,1238,2,2251
731,1239,2,2253
732,1240,3,2256
733,1241,1,2257
734,1245,1,2258
735,1246,2,2260
736,1247,4,2264
737,1248,1,2265
738,1249,2,2267
739,1250,1,2268
740,1253,7,2275
741,1254,3,2278
742,1258,1,2279
743,1261,2,2281
744,1269,1,2282
745,1271,1,2283
746,1272,3,2286
747,1273,1,2287
748,1274,3,2290
749,1275,2,2292
750,1276,4,2296
751,1277,1,2297
752,1278,1,2298
753,1280,6,2304
754,1281,1,2305
755,1282,4,2309
756,1283,1,2310
757,1284,2,2312
758,1286,1,2313
759,1287,10,2323
760,1288,3,2326
761,1289,1,2327
762,1290,3,2330
763,1291,1,2331
764,1293,1,2332
765,1294,2,2334
766,1295,2,2336
767,1296,2,2338
768,1297,1,2339
769,1301,1,2340
770,1303,2,2342
771,1304,2,2344
772,1305,3,2347
773,1306,3,2350
774,1307,1,2351
775,1308,4,2355
776,1309,4,2359
777,1310,2,2361
778,1311,1,2362
779,1312,2,2364
780,1316,2,2366
781,1318,1,2367
782,1324,2,2369
783,1325,3,2372
784,1326,3,2375
785,1328,1,2376
786,1329,1,2377
787,1331,1,2378
788,1332,5,2383
789,1333,6,2389
790,1336,1,2390
791,1337,1,2391
792,1338,1,2392
793,1340,1,2393
794,1342,2,2395
795,1344,1,2396
796,1345,1,2397
797,1346,2,2399
798,1349,1,2400
799,1351,2,2402
800,1352,2,2404
801,1353,1,2405
802,1358,2,2407
803,1359,3,2410
804,1360,1,2411
805,1366,1,2412
806,1367,2,2414
807,1368,1,2415
808,1371,1,2416
809,1372,2,2418
810,1373,2,2420
811,1374,4,2424
812,1375,3,2427
813,1378,2,2429
814,1379,2,2431
815,1380,1,2432
816,1381,2,2434
817,1382,3,2437
818,1385,1,2438
819,1386,1,2439
820,1388,1,2440
821,1389,4,2444
822,1390,1,2445
823,1391,1,2446
824,1392,2,2448
825,1393,26,2474
826,1396,2,2476
827,1397,1,2477
828,1401,1,2478
829,1402,1,2479
830,1403,1,2480
831,1406,2,2482
832,1407,1,2483
833,1409,1,2484
834,1410,1,2485
835,1414,4,2489
836,1415,2,2491
837,1420,4,2495
838,1421,1,2496
839,1423,2,2498
840,1424,1,2499
841,1427,1,2500
842,1428,1,2501
843,1429,2,2503
844,1434,3,2506
845,1436,2,2508
846,1437,2,2510
847,1441,3,2513
848,1443,4,2517
849,1444,2,2519
850,1445,1,2520
851,1448,1,2521
852,1452,3,2524
853,1456,4,2528
854,1457,2,2530
855,1458,4,2534
856,1459,1,2535
857,1462,1,2536
858,1463,3,2539
859,1464,1,2540
860,1465,1,2541
861,1466,1,2542
862,1467,3,2545
863,1469,1,2546
864,1471,1,2547
865,1473,4,2551
866,1476,1,2552
867,1477,1,2553
868,1479,4,2557
869,1480,2,2559
870,1481,1,2560
871,1484,1,2561
872,1485,3,2564
873,1486,1,2565
874,1487,1,2566
875,1488,2,2568
876,1491,10,2578
877,1492,3,2581
878,1493,4,2585
879,1494,1,2586
880,1498,2,2588
881,1499,2,2590
882,1500,2,2592
883,1502,2,2594
884,1505,2,2596
885,1506,3,2599
886,1507,2,2601
887,1508,2,2603
888,1511,3,2606
889,1512,1,2607
890,1513,1,2608
891,1514,2,2610
892,1521,1,2611
893,1522,2,2613
894,1525,4,2617
895,1526,2,2619
896,1527,2,2621
897,1529,1,2622
898,1530,2,2624
899,1531,1,2625
900,1532,3,2628
901,1533,1,2629
902,1534,5,2634
903,1535,2,2636
904,1536,4,2640
905,1546,4,2644
906,1548,1,2645
907,1550,1,2646
908,1554,2,2648
909,1556,3,2651
910,1558,1,2652
911,1563,2,2654
912,1567,1,2655
913,1568,2,2657
914,1569,2,2659
915,1570,2,2661
916,1576,1,2662
917,1581,1,2663
918,1582,1,2664
919,1584,1,2665
920,1590,1,2666
921,1591,1,2667
922,1592,7,2674
923,1599,1,2675
924,1601,1,2676
925,1609,1,2677
926,1610,3,2680
927,1613,1,2681
928,1615,1,2682
929,1618,3,2685
930,1622,1,2686
931,1625,1,2687
932,1628,1,2688
933,1632,1,2689
934,1636,2,2691
935,1638,1,2692
936,1640,1,2693
937,1644,2,2695
938,1646,1,2696
939,1647,1,2697
940,1651,1,2698
941,1652,2,2700
942,1657,9,2709
943,1659,2,2711
944,1660,2,2713
945,1662,3,2716
946,1663,1,2717
947,1664,1,2718
948,1665,1,2719
949,1666,2,2721
950,1667,5,2726
951,1668,3,2729
952,1669,1,2730
953,1671,1,2731
954,1673,1,2732
955,1674,3,2735
956,1675,3,2738
957,1676,1,2739
958,1679,2,2741
959,1681,1,2742
960,1683,2,2744
961,1686,1,2745
962,1687,1,2746
963,1688,3,2749
964,1689,2,2751
965,1690,1,2752
966,1693,3,2755
967,1694,2,2757
968,1695,1,2758
969,1696,4,2762
970,1697,2,2764
971,1700,1,2765
972,1701,1,2766
973,1702,1,2767
974,1704,3,2770
975,1706,2,2772
976,1707,1,2773
977,1708,2,2775
978,1709,2,2777
979,1710,1,2778
980,1715,1,2779
981,1716,1,2780
982,1718,2,2782
983,1723,3,2785
984,1724,1,2786
985,1725,2,2788
986,1727,4,2792
987,1728,3,2795
988,1729,2,2797
989,1730,4,2801
990,1731,1,2802
991,1732,2,2804
992,1733,1,2805
993,1735,1,2806
994,1736,2,2808
995,1737,2,2810
996,1739,1,2811
997,1740,1,2812
998,1742,1,2813
999,1743,1,2814
1000,1745,1,2815
1001,1746,1,2816
1002,1750,1,2817
1003,1752,1,2818
1004,1758,2,2820
1005,1759,1,2821
1006,1760,1,2822
1007,1761,1,2823
1008,1764,2,2825
1009,1765,1,2826
1010,1772,7,2833
1011,1773,2,2835
1012,1774,1,2836
1013,1778,2,2838
1014,1779,2,2840
