,day,number,total
0,0,1,1
1,31,5,6
2,32,2,8
3,33,2,10
4,34,23,33
5,35,6,39
6,36,87,126
7,37,169,295
8,38,89,384
9,39,43,427
10,40,35,462
11,41,53,515
12,42,83,598
13,43,77,675
14,44,48,723
15,45,40,763
16,46,16,779
17,47,21,800
18,48,37,837
19,49,51,888
20,50,54,942
21,51,47,989
22,52,40,1029
23,53,12,1041
24,54,9,1050
25,55,34,1084
26,56,26,1110
27,57,38,1148
28,58,28,1176
29,59,33,1209
30,60,11,1220
31,61,7,1227
32,62,79,1306
33,63,49,1355
34,64,38,1393
35,65,34,1427
36,66,30,1457
37,67,33,1490
38,68,18,1508
39,69,47,1555
40,70,36,1591
41,71,26,1617
42,72,22,1639
43,73,10,1649
44,74,12,1661
45,75,6,1667
46,76,11,1678
47,77,20,1698
48,78,16,1714
49,79,9,1723
50,80,9,1732
51,81,13,1745
52,82,9,1754
53,83,21,1775
54,84,25,1800
55,85,36,1836
56,86,19,1855
57,87,32,1887
58,88,8,1895
59,89,15,1910
60,90,23,1933
61,91,29,1962
62,92,30,1992
63,93,40,2032
64,94,17,2049
65,95,10,2059
66,96,10,2069
67,97,23,2092
68,98,20,2112
69,99,19,2131
70,100,30,2161
71,101,29,2190
72,102,10,2200
73,103,5,2205
74,104,51,2256
75,105,141,2397
76,106,71,2468
77,107,44,2512
78,108,40,2552
79,109,19,2571
80,110,19,2590
81,111,31,2621
82,112,29,2650
83,113,33,2683
84,114,38,2721
85,115,25,2746
86,116,20,2766
87,117,10,2776
88,118,25,2801
89,119,66,2867
90,120,41,2908
91,121,38,2946
92,122,40,2986
93,123,13,2999
94,124,12,3011
95,125,22,3033
96,126,30,3063
97,127,31,3094
98,128,45,3139
99,129,42,3181
100,130,18,3199
101,131,16,3215
102,132,45,3260
103,133,117,3377
104,134,54,3431
105,135,43,3474
106,136,40,3514
107,137,10,3524
108,138,13,3537
109,139,29,3566
110,140,37,3603
111,141,45,3648
112,142,45,3693
113,143,37,3730
114,144,12,3742
115,145,11,3753
116,146,34,3787
117,147,98,3885
118,148,50,3935
119,149,44,3979
120,150,68,4047
121,151,24,4071
122,152,21,4092
123,153,118,4210
124,154,71,4281
125,155,58,4339
126,156,52,4391
127,157,47,4438
128,158,17,4455
129,159,21,4476
130,160,51,4527
131,161,60,4587
132,162,39,4626
133,163,31,4657
134,164,24,4681
135,165,8,4689
136,166,8,4697
137,167,22,4719
138,168,57,4776
139,169,24,4800
140,170,32,4832
141,171,34,4866
142,172,10,4876
143,173,8,4884
144,174,42,4926
145,175,56,4982
146,176,71,5053
147,177,26,5079
148,178,26,5105
149,179,9,5114
150,180,13,5127
151,181,42,5169
152,182,30,5199
153,183,29,5228
154,184,50,5278
155,185,85,5363
156,186,32,5395
157,187,20,5415
158,188,41,5456
159,189,52,5508
160,190,67,5575
161,191,50,5625
162,192,47,5672
163,193,25,5697
164,194,20,5717
165,195,58,5775
166,196,86,5861
167,197,51,5912
168,198,42,5954
169,199,41,5995
170,200,16,6011
171,201,7,6018
172,202,23,6041
173,203,29,6070
174,204,34,6104
175,205,33,6137
176,206,33,6170
177,207,11,6181
178,208,11,6192
179,209,21,6213
180,210,45,6258
181,211,32,6290
182,212,33,6323
183,213,29,6352
184,214,13,6365
185,215,11,6376
186,216,20,6396
187,217,42,6438
188,218,56,6494
189,219,58,6552
190,220,37,6589
191,221,21,6610
192,222,20,6630
193,223,56,6686
194,224,150,6836
195,225,56,6892
196,226,48,6940
197,227,35,6975
198,228,15,6990
199,229,17,7007
200,230,17,7024
201,231,50,7074
202,232,26,7100
203,233,49,7149
204,234,42,7191
205,235,19,7210
206,236,9,7219
207,237,47,7266
208,238,96,7362
209,239,69,7431
210,240,66,7497
211,241,43,7540
212,242,18,7558
213,243,22,7580
214,244,42,7622
215,245,49,7671
216,246,65,7736
217,247,50,7786
218,248,41,7827
219,249,20,7847
220,250,18,7865
221,251,31,7896
222,252,36,7932
223,253,85,8017
224,254,49,8066
225,255,53,8119
226,256,16,8135
227,257,19,8154
228,258,63,8217
229,259,238,8455
230,260,84,8539
231,261,44,8583
232,262,63,8646
233,263,26,8672
234,264,18,8690
235,265,42,8732
236,266,36,8768
237,267,44,8812
238,268,42,8854
239,269,119,8973
240,270,32,9005
241,271,26,9031
242,272,63,9094
243,273,55,9149
244,274,85,9234
245,275,64,9298
246,276,63,9361
247,277,24,9385
248,278,23,9408
249,279,42,9450
250,280,44,9494
251,281,47,9541
252,282,47,9588
253,283,42,9630
254,284,14,9644
255,285,14,9658
256,286,54,9712
257,287,98,9810
258,288,52,9862
259,289,52,9914
260,290,34,9948
261,291,25,9973
262,292,13,9986
263,293,29,10015
264,294,24,10039
265,295,50,10089
266,296,49,10138
267,297,73,10211
268,298,28,10239
269,299,26,10265
270,300,42,10307
271,301,48,10355
272,302,47,10402
273,303,37,10439
274,304,37,10476
275,305,17,10493
276,306,19,10512
277,307,38,10550
278,308,32,10582
279,309,43,10625
280,310,44,10669
281,311,46,10715
282,312,24,10739
283,313,13,10752
284,314,46,10798
285,315,53,10851
286,316,59,10910
287,317,58,10968
288,318,57,11025
289,319,19,11044
290,320,14,11058
291,321,75,11133
292,322,114,11247
293,323,94,11341
294,324,67,11408
295,325,60,11468
296,326,22,11490
297,327,21,11511
298,328,28,11539
299,329,55,11594
300,330,48,11642
301,331,72,11714
302,332,79,11793
303,333,28,11821
304,334,17,11838
305,335,63,11901
306,336,74,11975
307,337,58,12033
308,338,61,12094
309,339,61,12155
310,340,33,12188
311,341,30,12218
312,342,57,12275
313,343,53,12328
314,344,71,12399
315,345,79,12478
316,346,57,12535
317,347,15,12550
318,348,23,12573
319,349,106,12679
320,350,148,12827
321,351,115,12942
322,352,97,13039
323,353,52,13091
324,354,22,13113
325,355,13,13126
326,356,42,13168
327,357,44,13212
328,358,45,13257
329,359,49,13306
330,360,49,13355
331,361,18,13373
332,362,17,13390
333,363,48,13438
334,364,98,13536
335,365,84,13620
336,366,73,13693
337,367,80,13773
338,368,23,13796
339,369,21,13817
340,370,75,13892
341,371,61,13953
342,372,58,14011
343,373,96,14107
344,374,67,14174
345,375,20,14194
346,376,26,14220
347,377,97,14317
348,378,161,14478
349,379,66,14544
350,380,68,14612
351,381,52,14664
352,382,22,14686
353,383,20,14706
354,384,56,14762
355,385,47,14809
356,386,61,14870
357,387,57,14927
358,388,71,14998
359,389,33,15031
360,390,26,15057
361,391,63,15120
362,392,81,15201
363,393,51,15252
364,394,48,15300
365,395,68,15368
366,396,26,15394
367,397,22,15416
368,398,49,15465
369,399,59,15524
370,400,53,15577
371,401,82,15659
372,402,62,15721
373,403,23,15744
374,404,17,15761
375,405,59,15820
376,406,86,15906
377,407,64,15970
378,408,52,16022
379,409,38,16060
380,410,19,16079
381,411,21,16100
382,412,68,16168
383,413,54,16222
384,414,54,16276
385,415,51,16327
386,416,64,16391
387,417,33,16424
388,418,23,16447
389,419,81,16528
390,420,227,16755
391,421,91,16846
392,422,86,16932
393,423,55,16987
394,424,21,17008
395,425,24,17032
396,426,43,17075
397,427,50,17125
398,428,67,17192
399,429,146,17338
400,430,79,17417
401,431,38,17455
402,432,21,17476
403,433,71,17547
404,434,64,17611
405,435,75,17686
406,436,44,17730
407,437,34,17764
408,438,20,17784
409,439,17,17801
410,440,13,17814
411,441,29,17843
412,442,24,17867
413,443,30,17897
414,444,34,17931
415,445,23,17954
416,446,26,17980
417,447,16,17996
418,448,47,18043
419,449,68,18111
420,450,66,18177
421,451,43,18220
422,452,22,18242
423,453,21,18263
424,454,59,18322
425,455,36,18358
426,456,44,18402
427,457,52,18454
428,458,59,18513
429,459,21,18534
430,460,26,18560
431,461,42,18602
432,462,69,18671
433,463,68,18739
434,464,58,18797
435,465,139,18936
436,466,31,18967
437,467,17,18984
438,468,95,19079
439,469,206,19285
440,470,94,19379
441,471,63,19442
442,472,72,19514
443,473,17,19531
444,474,12,19543
445,475,34,19577
446,476,51,19628
447,477,48,19676
448,478,65,19741
449,479,123,19864
450,480,60,19924
451,481,45,19969
452,482,97,20066
453,483,65,20131
454,484,83,20214
455,485,123,20337
456,486,100,20437
457,487,27,20464
458,488,28,20492
459,489,54,20546
460,490,55,20601
461,491,54,20655
462,492,92,20747
463,493,66,20813
464,494,30,20843
465,495,29,20872
466,496,67,20939
467,497,63,21002
468,498,206,21208
469,499,90,21298
470,500,78,21376
471,501,25,21401
472,502,33,21434
473,503,66,21500
474,504,54,21554
475,505,91,21645
476,506,169,21814
477,507,108,21922
478,508,41,21963
479,509,44,22007
480,510,80,22087
481,511,72,22159
482,512,75,22234
483,513,82,22316
484,514,87,22403
485,515,33,22436
486,516,34,22470
487,517,70,22540
488,518,66,22606
489,519,71,22677
490,520,63,22740
491,521,46,22786
492,522,25,22811
493,523,25,22836
494,524,57,22893
495,525,58,22951
496,526,82,23033
497,527,66,23099
498,528,65,23164
499,529,32,23196
500,530,24,23220
501,531,72,23292
502,532,189,23481
503,533,119,23600
504,534,81,23681
505,535,66,23747
506,536,33,23780
507,537,22,23802
508,538,44,23846
509,539,31,23877
510,540,59,23936
511,541,187,24123
512,542,135,24258
513,543,49,24307
514,544,46,24353
515,545,91,24444
516,546,81,24525
517,547,90,24615
518,548,89,24704
519,549,76,24780
520,550,33,24813
521,551,30,24843
522,552,49,24892
523,553,57,24949
524,554,67,25016
525,555,56,25072
526,556,66,25138
527,557,30,25168
528,558,14,25182
529,559,44,25226
530,560,96,25322
531,561,141,25463
532,562,92,25555
533,563,71,25626
534,564,27,25653
535,565,27,25680
536,566,39,25719
537,567,49,25768
538,568,63,25831
539,569,85,25916
540,570,140,26056
541,571,41,26097
542,572,35,26132
543,573,76,26208
544,574,92,26300
545,575,79,26379
546,576,80,26459
547,577,79,26538
548,578,31,26569
549,579,18,26587
550,580,73,26660
551,581,80,26740
552,582,62,26802
553,583,54,26856
554,584,77,26933
555,585,33,26966
556,586,37,27003
557,587,61,27064
558,588,64,27128
559,589,52,27180
560,590,85,27265
561,591,48,27313
562,592,28,27341
563,593,25,27366
564,594,69,27435
565,595,199,27634
566,596,121,27755
567,597,90,27845
568,598,75,27920
569,599,27,27947
570,600,21,27968
571,601,67,28035
572,602,79,28114
573,603,61,28175
574,604,47,28222
575,605,133,28355
576,606,39,28394
577,607,38,28432
578,608,95,28527
579,609,100,28627
580,610,86,28713
581,611,94,28807
582,612,65,28872
583,613,33,28905
584,614,27,28932
585,615,85,29017
586,616,87,29104
587,617,75,29179
588,618,70,29249
589,619,74,29323
590,620,26,29349
591,621,21,29370
592,622,93,29463
593,623,184,29647
594,624,120,29767
595,625,88,29855
596,626,79,29934
597,627,22,29956
598,628,20,29976
599,629,49,30025
600,630,37,30062
601,631,53,30115
602,632,56,30171
603,633,58,30229
604,634,21,30250
605,635,19,30269
606,636,45,30314
607,637,80,30394
608,638,113,30507
609,639,99,30606
610,640,87,30693
611,641,37,30730
612,642,41,30771
613,643,67,30838
614,644,75,30913
615,645,120,31033
616,646,81,31114
617,647,66,31180
618,648,38,31218
619,649,18,31236
620,650,60,31296
621,651,71,31367
622,652,66,31433
623,653,130,31563
624,654,74,31637
625,655,28,31665
626,656,19,31684
627,657,54,31738
628,658,86,31824
629,659,68,31892
630,660,58,31950
631,661,41,31991
632,662,12,32003
633,663,15,32018
634,664,34,32052
635,665,58,32110
636,666,42,32152
637,667,57,32209
638,668,93,32302
639,669,43,32345
640,670,33,32378
641,671,77,32455
642,672,89,32544
643,673,76,32620
644,674,72,32692
645,675,64,32756
646,676,28,32784
647,677,21,32805
648,678,54,32859
649,679,80,32939
650,680,55,32994
651,681,73,33067
652,682,48,33115
653,683,28,33143
654,684,30,33173
655,685,86,33259
656,686,157,33416
657,687,85,33501
658,688,70,33571
659,689,91,33662
660,690,19,33681
661,691,33,33714
662,692,51,33765
663,693,47,33812
664,694,47,33859
665,695,64,33923
666,696,82,34005
667,697,26,34031
668,698,25,34056
669,699,67,34123
670,700,82,34205
671,701,75,34280
672,702,78,34358
673,703,88,34446
674,704,28,34474
675,705,25,34499
676,706,51,34550
677,707,61,34611
678,708,59,34670
679,709,65,34735
680,710,74,34809
681,711,29,34838
682,712,22,34860
683,713,87,34947
684,714,189,35136
685,715,84,35220
686,716,70,35290
687,717,61,35351
688,718,34,35385
689,719,30,35415
690,720,37,35452
691,721,47,35499
692,722,47,35546
693,723,55,35601
694,724,112,35713
695,725,38,35751
696,726,32,35783
697,727,92,35875
698,728,66,35941
699,729,94,36035
700,730,79,36114
701,731,74,36188
702,732,37,36225
703,733,22,36247
704,734,65,36312
705,735,75,36387
706,736,65,36452
707,737,83,36535
708,738,63,36598
709,739,31,36629
710,740,20,36649
711,741,71,36720
712,742,70,36790
713,743,91,36881
714,744,64,36945
715,745,51,36996
716,746,25,37021
717,747,20,37041
718,748,83,37124
719,749,174,37298
720,750,87,37385
721,751,114,37499
722,752,64,37563
723,753,24,37587
724,754,36,37623
725,755,56,37679
726,756,43,37722
727,757,63,37785
728,758,151,37936
729,759,91,38027
730,760,39,38066
731,761,35,38101
732,762,93,38194
733,763,96,38290
734,764,97,38387
735,765,108,38495
736,766,97,38592
737,767,41,38633
738,768,33,38666
739,769,87,38753
740,770,84,38837
741,771,81,38918
742,772,79,38997
743,773,42,39039
744,774,31,39070
745,775,17,39087
746,776,59,39146
747,777,70,39216
748,778,55,39271
749,779,47,39318
750,780,55,39373
751,781,32,39405
752,782,40,39445
753,783,79,39524
754,784,146,39670
755,785,98,39768
756,786,62,39830
757,787,47,39877
758,788,23,39900
759,789,29,39929
760,790,59,39988
761,791,78,40066
762,792,47,40113
763,793,51,40164
764,794,88,40252
765,795,42,40294
766,796,28,40322
767,797,68,40390
768,798,74,40464
769,799,68,40532
770,800,74,40606
771,801,55,40661
772,802,29,40690
773,803,24,40714
774,804,25,40739
775,805,35,40774
776,806,28,40802
777,807,49,40851
778,808,31,40882
779,809,16,40898
780,810,26,40924
781,811,14,40938
782,812,51,40989
783,813,54,41043
784,814,47,41090
785,815,46,41136
786,816,23,41159
787,817,23,41182
788,818,61,41243
789,819,55,41298
790,820,67,41365
791,821,53,41418
792,822,64,41482
793,823,27,41509
794,824,17,41526
795,825,41,41567
796,826,68,41635
797,827,65,41700
798,828,56,41756
799,829,54,41810
800,830,30,41840
801,831,22,41862
802,832,63,41925
803,833,62,41987
804,834,63,42050
805,835,44,42094
806,836,55,42149
807,837,34,42183
808,838,23,42206
809,839,95,42301
810,840,199,42500
811,841,110,42610
812,842,85,42695
813,843,80,42775
814,844,49,42824
815,845,21,42845
816,846,62,42907
817,847,64,42971
818,848,82,43053
819,849,116,43169
820,850,97,43266
821,851,37,43303
822,852,47,43350
823,853,101,43451
824,854,73,43524
825,855,77,43601
826,856,88,43689
827,857,71,43760
828,858,41,43801
829,859,41,43842
830,860,44,43886
831,861,73,43959
832,862,91,44050
833,863,81,44131
834,864,62,44193
835,865,37,44230
836,866,26,44256
837,867,86,44342
838,868,223,44565
839,869,98,44663
840,870,96,44759
841,871,81,44840
842,872,33,44873
843,873,35,44908
844,874,71,44979
845,875,62,45041
846,876,81,45122
847,877,112,45234
848,878,94,45328
849,879,44,45372
850,880,41,45413
851,881,93,45506
852,882,89,45595
853,883,97,45692
854,884,112,45804
855,885,77,45881
856,886,33,45914
857,887,29,45943
858,888,78,46021
859,889,70,46091
860,890,68,46159
861,891,80,46239
862,892,74,46313
863,893,25,46338
864,894,33,46371
865,895,92,46463
866,896,181,46644
867,897,106,46750
868,898,84,46834
869,899,40,46874
870,900,29,46903
871,901,17,46920
872,902,49,46969
873,903,53,47022
874,904,51,47073
875,905,53,47126
876,906,97,47223
877,907,43,47266
878,908,41,47307
879,909,81,47388
880,910,88,47476
881,911,84,47560
882,912,84,47644
883,913,66,47710
884,914,31,47741
885,915,34,47775
886,916,89,47864
887,917,72,47936
888,918,84,48020
889,919,71,48091
890,920,73,48164
891,921,23,48187
892,922,31,48218
893,923,92,48310
894,924,162,48472
895,925,106,48578
896,926,63,48641
897,927,78,48719
898,928,41,48760
899,929,19,48779
900,930,51,48830
901,931,47,48877
902,932,62,48939
903,933,67,49006
904,934,96,49102
905,935,35,49137
906,936,38,49175
907,937,95,49270
908,938,75,49345
909,939,88,49433
910,940,72,49505
911,941,73,49578
912,942,36,49614
913,943,28,49642
914,944,69,49711
915,945,74,49785
916,946,71,49856
917,947,61,49917
918,948,67,49984
919,949,33,50017
920,950,25,50042
921,951,53,50095
922,952,61,50156
923,953,60,50216
924,954,53,50269
925,955,73,50342
926,956,24,50366
927,957,15,50381
928,958,56,50437
929,959,159,50596
930,960,95,50691
931,961,61,50752
932,962,67,50819
933,963,42,50861
934,964,35,50896
935,965,53,50949
936,966,81,51030
937,967,84,51114
938,968,128,51242
939,969,99,51341
940,970,34,51375
941,971,31,51406
942,972,79,51485
943,973,87,51572
944,974,75,51647
945,975,137,51784
946,976,138,51922
947,977,32,51954
948,978,26,51980
949,979,97,52077
950,980,129,52206
951,981,156,52362
952,982,123,52485
953,983,67,52552
954,984,24,52576
955,985,37,52613
956,986,75,52688
957,987,221,52909
958,988,116,53025
959,989,90,53115
960,990,83,53198
961,991,24,53222
962,992,21,53243
963,993,60,53303
964,994,41,53344
965,995,49,53393
966,996,65,53458
967,997,138,53596
968,998,34,53630
969,999,27,53657
970,1000,90,53747
971,1001,84,53831
972,1002,119,53950
973,1003,101,54051
974,1004,71,54122
975,1005,36,54158
976,1006,35,54193
977,1007,66,54259
978,1008,90,54349
979,1009,95,54444
980,1010,77,54521
981,1011,78,54599
982,1012,34,54633
983,1013,21,54654
984,1014,83,54737
985,1015,61,54798
986,1016,126,54924
987,1017,98,55022
988,1018,82,55104
989,1019,35,55139
990,1020,26,55165
991,1021,56,55221
992,1022,137,55358
993,1023,75,55433
994,1024,104,55537
995,1025,80,55617
996,1026,27,55644
997,1027,17,55661
998,1028,80,55741
999,1029,44,55785
1000,1030,70,55855
1001,1031,72,55927
1002,1032,64,55991
1003,1033,28,56019
1004,1034,29,56048
1005,1035,46,56094
1006,1036,136,56230
1007,1037,94,56324
1008,1038,99,56423
1009,1039,111,56534
1010,1040,28,56562
1011,1041,23,56585
1012,1042,89,56674
1013,1043,84,56758
1014,1044,105,56863
1015,1045,66,56929
1016,1046,66,56995
1017,1047,30,57025
1018,1048,24,57049
1019,1049,64,57113
1020,1050,158,57271
1021,1051,90,57361
1022,1052,97,57458
1023,1053,73,57531
1024,1054,40,57571
1025,1055,21,57592
1026,1056,43,57635
1027,1057,87,57722
1028,1058,95,57817
1029,1059,112,57929
1030,1060,101,58030
1031,1061,42,58072
1032,1062,50,58122
1033,1063,69,58191
1034,1064,75,58266
1035,1065,95,58361
1036,1066,88,58449
1037,1067,76,58525
1038,1068,23,58548
1039,1069,25,58573
1040,1070,68,58641
1041,1071,70,58711
1042,1072,78,58789
1043,1073,78,58867
1044,1074,70,58937
1045,1075,26,58963
1046,1076,24,58987
1047,1077,82,59069
1048,1078,137,59206
1049,1079,91,59297
1050,1080,77,59374
1051,1081,74,59448
1052,1082,24,59472
1053,1083,26,59498
1054,1084,83,59581
1055,1085,70,59651
1056,1086,72,59723
1057,1087,63,59786
1058,1088,52,59838
1059,1089,20,59858
1060,1090,37,59895
1061,1091,101,59996
1062,1092,164,60160
1063,1093,162,60322
1064,1094,132,60454
1065,1095,110,60564
1066,1096,41,60605
1067,1097,56,60661
1068,1098,95,60756
1069,1099,85,60841
1070,1100,89,60930
1071,1101,91,61021
1072,1102,83,61104
1073,1103,58,61162
1074,1104,33,61195
1075,1105,87,61282
1076,1106,120,61402
1077,1107,105,61507
1078,1108,69,61576
1079,1109,80,61656
1080,1110,56,61712
1081,1111,32,61744
1082,1112,100,61844
1083,1113,119,61963
1084,1114,116,62079
1085,1115,73,62152
1086,1116,86,62238
1087,1117,17,62255
1088,1118,25,62280
1089,1119,68,62348
1090,1120,64,62412
1091,1121,59,62471
1092,1122,72,62543
1093,1123,53,62596
1094,1124,27,62623
1095,1125,22,62645
1096,1126,47,62692
1097,1127,87,62779
1098,1128,106,62885
1099,1129,84,62969
1100,1130,79,63048
1101,1131,30,63078
1102,1132,25,63103
1103,1133,64,63167
1104,1134,77,63244
1105,1135,78,63322
1106,1136,56,63378
1107,1137,31,63409
1108,1138,21,63430
1109,1139,29,63459
1110,1140,60,63519
1111,1141,64,63583
1112,1142,70,63653
1113,1143,78,63731
1114,1144,56,63787
1115,1145,32,63819
1116,1146,35,63854
1117,1147,95,63949
1118,1148,130,64079
1119,1149,76,64155
1120,1150,76,64231
1121,1151,73,64304
1122,1152,29,64333
1123,1153,26,64359
1124,1154,59,64418
1125,1155,75,64493
1126,1156,93,64586
1127,1157,104,64690
1128,1158,75,64765
1129,1159,29,64794
1130,1160,33,64827
1131,1161,58,64885
1132,1162,97,64982
1133,1163,93,65075
1134,1164,87,65162
1135,1165,54,65216
1136,1166,36,65252
1137,1167,25,65277
1138,1168,23,65300
1139,1169,23,65323
1140,1170,32,65355
1141,1171,40,65395
1142,1172,40,65435
1143,1173,35,65470
1144,1174,14,65484
1145,1175,27,65511
1146,1176,18,65529
1147,1177,41,65570
1148,1178,63,65633
1149,1179,68,65701
1150,1180,26,65727
1151,1181,23,65750
1152,1182,63,65813
1153,1183,53,65866
1154,1184,63,65929
1155,1185,57,65986
1156,1186,52,66038
1157,1187,16,66054
1158,1188,27,66081
1159,1189,45,66126
1160,1190,54,66180
1161,1191,70,66250
1162,1192,53,66303
1163,1193,66,66369
1164,1194,34,66403
1165,1195,29,66432
1166,1196,48,66480
1167,1197,83,66563
1168,1198,71,66634
1169,1199,56,66690
1170,1200,53,66743
1171,1201,23,66766
1172,1202,34,66800
1173,1203,97,66897
1174,1204,204,67101
1175,1205,85,67186
1176,1206,91,67277
1177,1207,82,67359
1178,1208,18,67377
1179,1209,28,67405
1180,1210,67,67472
1181,1211,53,67525
1182,1212,62,67587
1183,1213,162,67749
1184,1214,104,67853
1185,1215,46,67899
1186,1216,42,67941
1187,1217,92,68033
1188,1218,99,68132
1189,1219,81,68213
1190,1220,83,68296
1191,1221,66,68362
1192,1222,40,68402
1193,1223,25,68427
1194,1224,58,68485
1195,1225,64,68549
1196,1226,68,68617
1197,1227,94,68711
1198,1228,72,68783
1199,1229,34,68817
1200,1230,27,68844
1201,1231,105,68949
1202,1232,65,69014
1203,1233,74,69088
1204,1234,61,69149
1205,1235,44,69193
1206,1236,40,69233
1207,1237,33,69266
1208,1238,59,69325
1209,1239,63,69388
1210,1240,45,69433
1211,1241,77,69510
1212,1242,96,69606
1213,1243,39,69645
1214,1244,42,69687
1215,1245,82,69769
1216,1246,79,69848
1217,1247,91,69939
1218,1248,86,70025
1219,1249,69,70094
1220,1250,37,70131
1221,1251,29,70160
1222,1252,53,70213
1223,1253,60,70273
1224,1254,80,70353
1225,1255,61,70414
1226,1256,61,70475
1227,1257,36,70511
1228,1258,19,70530
1229,1259,72,70602
1230,1260,121,70723
1231,1261,85,70808
1232,1262,88,70896
1233,1263,52,70948
1234,1264,20,70968
1235,1265,30,70998
1236,1266,47,71045
1237,1267,51,71096
1238,1268,68,71164
1239,1269,50,71214
1240,1270,84,71298
1241,1271,36,71334
1242,1272,28,71362
1243,1273,70,71432
1244,1274,62,71494
1245,1275,72,71566
1246,1276,69,71635
1247,1277,62,71697
1248,1278,36,71733
1249,1279,36,71769
1250,1280,66,71835
1251,1281,66,71901
1252,1282,69,71970
1253,1283,67,72037
1254,1284,41,72078
1255,1285,33,72111
1256,1286,27,72138
1257,1287,46,72184
1258,1288,38,72222
1259,1289,51,72273
1260,1290,57,72330
1261,1291,53,72383
1262,1292,37,72420
1263,1293,29,72449
1264,1294,47,72496
1265,1295,49,72545
1266,1296,43,72588
1267,1297,49,72637
1268,1298,53,72690
1269,1299,21,72711
1270,1300,24,72735
1271,1301,55,72790
1272,1302,65,72855
1273,1303,51,72906
1274,1304,56,72962
1275,1305,42,73004
1276,1306,26,73030
1277,1307,16,73046
1278,1308,50,73096
1279,1309,50,73146
1280,1310,49,73195
1281,1311,49,73244
1282,1312,64,73308
1283,1313,29,73337
1284,1314,23,73360
1285,1315,48,73408
1286,1316,65,73473
1287,1317,69,73542
1288,1318,66,73608
1289,1319,69,73677
1290,1320,26,73703
1291,1321,30,73733
1292,1322,59,73792
1293,1323,68,73860
1294,1324,82,73942
1295,1325,53,73995
1296,1326,58,74053
1297,1327,24,74077
1298,1328,32,74109
1299,1329,44,74153
1300,1330,43,74196
1301,1331,58,74254
1302,1332,108,74362
1303,1333,65,74427
1304,1334,38,74465
1305,1335,19,74484
1306,1336,54,74538
1307,1337,77,74615
1308,1338,71,74686
1309,1339,78,74764
1310,1340,87,74851
1311,1341,28,74879
1312,1342,29,74908
1313,1343,48,74956
1314,1344,68,75024
1315,1345,64,75088
1316,1346,65,75153
1317,1347,58,75211
1318,1348,22,75233
1319,1349,20,75253
1320,1350,74,75327
1321,1351,90,75417
1322,1352,73,75490
1323,1353,46,75536
1324,1354,49,75585
1325,1355,31,75616
1326,1356,24,75640
1327,1357,59,75699
1328,1358,47,75746
1329,1359,59,75805
1330,1360,92,75897
1331,1361,105,76002
1332,1362,33,76035
1333,1363,33,76068
1334,1364,95,76163
1335,1365,109,76272
1336,1366,123,76395
1337,1367,99,76494
1338,1368,55,76549
1339,1369,32,76581
1340,1370,25,76606
1341,1371,60,76666
1342,1372,53,76719
1343,1373,61,76780
1344,1374,56,76836
1345,1375,73,76909
1346,1376,25,76934
1347,1377,19,76953
1348,1378,65,77018
1349,1379,49,77067
1350,1380,60,77127
1351,1381,60,77187
1352,1382,59,77246
1353,1383,28,77274
1354,1384,14,77288
1355,1385,70,77358
1356,1386,93,77451
1357,1387,72,77523
1358,1388,53,77576
1359,1389,57,77633
1360,1390,25,77658
1361,1391,20,77678
1362,1392,76,77754
1363,1393,60,77814
1364,1394,64,77878
1365,1395,78,77956
1366,1396,102,78058
1367,1397,37,78095
1368,1398,34,78129
1369,1399,77,78206
1370,1400,82,78288
1371,1401,71,78359
1372,1402,108,78467
1373,1403,81,78548
1374,1404,31,78579
1375,1405,33,78612
1376,1406,68,78680
1377,1407,59,78739
1378,1408,68,78807
1379,1409,62,78869
1380,1410,57,78926
1381,1411,24,78950
1382,1412,24,78974
1383,1413,68,79042
1384,1414,109,79151
1385,1415,65,79216
1386,1416,59,79275
1387,1417,52,79327
1388,1418,28,79355
1389,1419,16,79371
1390,1420,49,79420
1391,1421,55,79475
1392,1422,56,79531
1393,1423,91,79622
1394,1424,66,79688
1395,1425,17,79705
1396,1426,18,79723
1397,1427,54,79777
1398,1428,76,79853
1399,1429,81,79934
1400,1430,69,80003
1401,1431,66,80069
1402,1432,34,80103
1403,1433,18,80121
1404,1434,58,80179
1405,1435,60,80239
1406,1436,52,80291
1407,1437,72,80363
1408,1438,50,80413
1409,1439,24,80437
1410,1440,19,80456
1411,1441,44,80500
1412,1442,63,80563
1413,1443,44,80607
1414,1444,70,80677
1415,1445,50,80727
1416,1446,16,80743
1417,1447,29,80772
1418,1448,69,80841
1419,1449,110,80951
1420,1450,69,81020
1421,1451,46,81066
1422,1452,57,81123
1423,1453,30,81153
1424,1454,19,81172
1425,1455,32,81204
1426,1456,59,81263
1427,1457,57,81320
1428,1458,104,81424
1429,1459,100,81524
1430,1460,43,81567
1431,1461,22,81589
1432,1462,71,81660
1433,1463,99,81759
1434,1464,91,81850
1435,1465,69,81919
1436,1466,63,81982
1437,1467,26,82008
1438,1468,35,82043
1439,1469,78,82121
1440,1470,91,82212
1441,1471,73,82285
1442,1472,67,82352
1443,1473,71,82423
1444,1474,30,82453
1445,1475,29,82482
1446,1476,90,82572
1447,1477,116,82688
1448,1478,100,82788
1449,1479,89,82877
1450,1480,63,82940
1451,1481,18,82958
1452,1482,15,82973
1453,1483,54,83027
1454,1484,61,83088
1455,1485,71,83159
1456,1486,83,83242
1457,1487,156,83398
1458,1488,67,83465
1459,1489,36,83501
1460,1490,103,83604
1461,1491,97,83701
1462,1492,112,83813
1463,1493,128,83941
1464,1494,68,84009
1465,1495,29,84038
1466,1496,23,84061
1467,1497,80,84141
1468,1498,75,84216
1469,1499,88,84304
1470,1500,89,84393
1471,1501,75,84468
1472,1502,46,84514
1473,1503,33,84547
1474,1504,56,84603
1475,1505,71,84674
1476,1506,86,84760
1477,1507,54,84814
1478,1508,55,84869
1479,1509,21,84890
1480,1510,31,84921
1481,1511,88,85009
1482,1512,211,85220
1483,1513,132,85352
1484,1514,93,85445
1485,1515,56,85501
1486,1516,39,85540
1487,1517,31,85571
1488,1518,59,85630
1489,1519,72,85702
1490,1520,63,85765
1491,1521,70,85835
1492,1522,101,85936
1493,1523,37,85973
1494,1524,34,86007
1495,1525,76,86083
1496,1526,82,86165
1497,1527,84,86249
1498,1528,117,86366
1499,1529,41,86407
1500,1530,57,86464
1501,1531,22,86486
1502,1532,43,86529
1503,1533,49,86578
1504,1534,26,86604
1505,1535,41,86645
1506,1536,48,86693
1507,1537,37,86730
1508,1538,31,86761
1509,1539,41,86802
1510,1540,45,86847
1511,1541,15,86862
1512,1542,51,86913
1513,1543,58,86971
1514,1544,21,86992
1515,1545,14,87006
1516,1546,60,87066
1517,1547,74,87140
1518,1548,69,87209
1519,1549,74,87283
1520,1550,59,87342
1521,1551,36,87378
1522,1552,21,87399
1523,1553,59,87458
1524,1554,57,87515
1525,1555,81,87596
1526,1556,86,87682
1527,1557,74,87756
1528,1558,25,87781
1529,1559,30,87811
1530,1560,51,87862
1531,1561,62,87924
1532,1562,59,87983
1533,1563,76,88059
1534,1564,57,88116
1535,1565,24,88140
1536,1566,23,88163
1537,1567,85,88248
1538,1568,174,88422
1539,1569,92,88514
1540,1570,83,88597
1541,1571,70,88667
1542,1572,25,88692
1543,1573,35,88727
1544,1574,79,88806
1545,1575,66,88872
1546,1576,72,88944
1547,1577,71,89015
1548,1578,79,89094
1549,1579,39,89133
1550,1580,25,89158
1551,1581,70,89228
1552,1582,90,89318
1553,1583,62,89380
1554,1584,76,89456
1555,1585,87,89543
1556,1586,37,89580
1557,1587,26,89606
1558,1588,54,89660
1559,1589,86,89746
1560,1590,92,89838
1561,1591,82,89920
1562,1592,70,89990
1563,1593,22,90012
1564,1594,33,90045
1565,1595,75,90120
1566,1596,176,90296
1567,1597,129,90425
1568,1598,84,90509
1569,1599,65,90574
1570,1600,38,90612
1571,1601,32,90644
1572,1602,55,90699
1573,1603,58,90757
1574,1604,60,90817
1575,1605,82,90899
1576,1606,62,90961
1577,1607,32,90993
1578,1608,22,91015
1579,1609,56,91071
1580,1610,105,91176
1581,1611,119,91295
1582,1612,77,91372
1583,1613,65,91437
1584,1614,25,91462
1585,1615,39,91501
1586,1616,65,91566
1587,1617,75,91641
1588,1618,83,91724
1589,1619,77,91801
1590,1620,67,91868
1591,1621,29,91897
1592,1622,38,91935
1593,1623,69,92004
1594,1624,64,92068
1595,1625,103,92171
1596,1626,89,92260
1597,1627,85,92345
1598,1628,48,92393
1599,1629,32,92425
1600,1630,97,92522
1601,1631,275,92797
1602,1632,139,92936
1603,1633,92,93028
1604,1634,85,93113
1605,1635,30,93143
1606,1636,41,93184
1607,1637,86,93270
1608,1638,55,93325
1609,1639,89,93414
1610,1640,110,93524
1611,1641,117,93641
1612,1642,63,93704
1613,1643,45,93749
1614,1644,87,93836
1615,1645,115,93951
1616,1646,108,94059
1617,1647,94,94153
1618,1648,86,94239
1619,1649,41,94280
1620,1650,35,94315
1621,1651,72,94387
1622,1652,75,94462
1623,1653,122,94584
1624,1654,86,94670
1625,1655,77,94747
1626,1656,54,94801
1627,1657,53,94854
1628,1658,101,94955
1629,1659,183,95138
1630,1660,148,95286
1631,1661,89,95375
1632,1662,64,95439
1633,1663,42,95481
1634,1664,38,95519
1635,1665,63,95582
1636,1666,82,95664
1637,1667,62,95726
1638,1668,82,95808
1639,1669,118,95926
1640,1670,61,95987
1641,1671,50,96037
1642,1672,123,96160
1643,1673,89,96249
1644,1674,109,96358
1645,1675,89,96447
1646,1676,103,96550
1647,1677,43,96593
1648,1678,37,96630
1649,1679,76,96706
1650,1680,84,96790
1651,1681,70,96860
1652,1682,66,96926
1653,1683,49,96975
1654,1684,38,97013
1655,1685,33,97046
1656,1686,57,97103
1657,1687,76,97179
1658,1688,74,97253
1659,1689,71,97324
1660,1690,71,97395
1661,1691,34,97429
1662,1692,41,97470
1663,1693,69,97539
1664,1694,197,97736
1665,1695,121,97857
1666,1696,85,97942
1667,1697,78,98020
1668,1698,43,98063
1669,1699,34,98097
1670,1700,62,98159
1671,1701,70,98229
1672,1702,90,98319
1673,1703,106,98425
1674,1704,113,98538
1675,1705,54,98592
1676,1706,44,98636
1677,1707,93,98729
1678,1708,95,98824
1679,1709,89,98913
1680,1710,101,99014
1681,1711,74,99088
1682,1712,52,99140
1683,1713,39,99179
1684,1714,86,99265
1685,1715,91,99356
1686,1716,95,99451
1687,1717,77,99528
1688,1718,91,99619
1689,1719,31,99650
1690,1720,45,99695
1691,1721,65,99760
1692,1722,138,99898
1693,1723,86,99984
1694,1724,84,100068
1695,1725,59,100127
1696,1726,22,100149
1697,1727,38,100187
1698,1728,53,100240
1699,1729,64,100304
1700,1730,68,100372
1701,1731,77,100449
1702,1732,129,100578
1703,1733,78,100656
1704,1734,62,100718
1705,1735,123,100841
1706,1736,101,100942
1707,1737,107,101049
1708,1738,86,101135
1709,1739,99,101234
1710,1740,41,101275
1711,1741,27,101302
1712,1742,70,101372
1713,1743,68,101440
1714,1744,73,101513
1715,1745,86,101599
1716,1746,71,101670
1717,1747,48,101718
1718,1748,43,101761
1719,1749,60,101821
1720,1750,78,101899
1721,1751,72,101971
1722,1752,67,102038
1723,1753,66,102104
1724,1754,31,102135
1725,1755,33,102168
1726,1756,81,102249
1727,1757,125,102374
1728,1758,115,102489
1729,1759,76,102565
1730,1760,61,102626
1731,1761,37,102663
1732,1762,24,102687
1733,1763,61,102748
1734,1764,53,102801
1735,1765,68,102869
1736,1766,70,102939
1737,1767,93,103032
1738,1768,32,103064
1739,1769,32,103096
1740,1770,102,103198
1741,1771,83,103281
1742,1772,77,103358
1743,1773,78,103436
1744,1774,80,103516
1745,1775,34,103550
1746,1776,27,103577
1747,1777,57,103634
1748,1778,58,103692
1749,1779,83,103775
1750,1780,86,103861
1751,1781,77,103938
1752,1782,35,103973
1753,1783,31,104004
1754,1784,82,104086
1755,1785,115,104201
1756,1786,88,104289
1757,1787,90,104379
1758,1788,67,104446
1759,1789,29,104475
1760,1790,24,104499
1761,1791,58,104557
1762,1792,56,104613
1763,1793,52,104665
1764,1794,59,104724
1765,1795,84,104808
1766,1796,37,104845
1767,1797,46,104891
1768,1798,84,104975
1769,1799,112,105087
1770,1800,86,105173
1771,1801,66,105239
1772,1802,72,105311
1773,1803,39,105350
1774,1804,44,105394
1775,1805,58,105452
1776,1806,76,105528
1777,1807,56,105584
1778,1808,62,105646
1779,1809,87,105733
1780,1810,35,105768
1781,1811,34,105802
1782,1812,68,105870
1783,1813,131,106001
1784,1814,95,106096
1785,1815,83,106179
1786,1816,68,106247
1787,1817,39,106286
1788,1818,32,106318
1789,1819,62,106380
1790,1820,68,106448
1791,1821,60,106508
1792,1822,71,106579
1793,1823,75,106654
1794,1824,43,106697
1795,1825,27,106724
1796,1826,49,106773
1797,1827,74,106847
1798,1828,61,106908
1799,1829,66,106974
1800,1830,73,107047
1801,1831,32,107079
1802,1832,34,107113
1803,1833,52,107165
1804,1834,88,107253
1805,1835,70,107323
1806,1836,74,107397
1807,1837,72,107469
1808,1838,38,107507
1809,1839,25,107532
1810,1840,86,107618
1811,1841,113,107731
1812,1842,86,107817
1813,1843,75,107892
1814,1844,58,107950
1815,1845,26,107976
1816,1846,25,108001
1817,1847,47,108048
1818,1848,68,108116
1819,1849,48,108164
1820,1850,53,108217
1821,1851,69,108286
1822,1852,40,108326
1823,1853,32,108358
1824,1854,73,108431
1825,1855,81,108512
1826,1856,72,108584
1827,1857,92,108676
1828,1858,72,108748
1829,1859,38,108786
1830,1860,38,108824
1831,1861,74,108898
1832,1862,65,108963
1833,1863,67,109030
1834,1864,83,109113
1835,1865,78,109191
1836,1866,41,109232
1837,1867,40,109272
1838,1868,52,109324
1839,1869,56,109380
1840,1870,69,109449
1841,1871,53,109502
1842,1872,43,109545
1843,1873,21,109566
1844,1874,25,109591
1845,1875,72,109663
1846,1876,134,109797
1847,1877,86,109883
1848,1878,80,109963
1849,1879,63,110026
1850,1880,36,110062
1851,1881,23,110085
1852,1882,77,110162
1853,1883,61,110223
1854,1884,70,110293
1855,1885,58,110351
1856,1886,84,110435
1857,1887,39,110474
1858,1888,40,110514
1859,1889,86,110600
1860,1890,103,110703
1861,1891,78,110781
1862,1892,81,110862
1863,1893,68,110930
1864,1894,37,110967
1865,1895,29,110996
1866,1896,52,111048
1867,1897,66,111114
1868,1898,41,111155
1869,1899,37,111192
1870,1900,33,111225
1871,1901,24,111249
1872,1902,20,111269
1873,1903,31,111300
1874,1904,49,111349
1875,1905,46,111395
1876,1906,31,111426
1877,1907,30,111456
1878,1908,39,111495
1879,1909,20,111515
1880,1910,50,111565
1881,1911,73,111638
1882,1912,73,111711
1883,1913,61,111772
1884,1914,47,111819
1885,1915,27,111846
1886,1916,22,111868
1887,1917,57,111925
1888,1918,60,111985
1889,1919,80,112065
1890,1920,62,112127
1891,1921,54,112181
1892,1922,32,112213
1893,1923,27,112240
1894,1924,41,112281
1895,1925,53,112334
1896,1926,66,112400
1897,1927,57,112457
1898,1928,71,112528
1899,1929,42,112570
1900,1930,25,112595
1901,1931,91,112686
1902,1932,191,112877
1903,1933,107,112984
1904,1934,78,113062
1905,1935,91,113153
1906,1936,35,113188
1907,1937,26,113214
1908,1938,66,113280
1909,1939,74,113354
1910,1940,75,113429
1911,1941,80,113509
1912,1942,142,113651
1913,1943,57,113708
1914,1944,59,113767
1915,1945,84,113851
1916,1946,90,113941
1917,1947,149,114090
1918,1948,113,114203
1919,1949,79,114282
1920,1950,35,114317
1921,1951,34,114351
1922,1952,70,114421
1923,1953,73,114494
1924,1954,83,114577
1925,1955,86,114663
1926,1956,109,114772
1927,1957,52,114824
1928,1958,39,114863
1929,1959,104,114967
1930,1960,208,115175
1931,1961,130,115305
1932,1962,79,115384
1933,1963,87,115471
1934,1964,33,115504
1935,1965,17,115521
1936,1966,74,115595
1937,1967,60,115655
1938,1968,83,115738
1939,1969,67,115805
1940,1970,122,115927
1941,1971,58,115985
1942,1972,47,116032
1943,1973,99,116131
1944,1974,96,116227
1945,1975,86,116313
1946,1976,93,116406
1947,1977,76,116482
1948,1978,41,116523
1949,1979,32,116555
1950,1980,94,116649
1951,1981,110,116759
1952,1982,70,116829
1953,1983,71,116900
1954,1984,76,116976
1955,1985,22,116998
1956,1986,28,117026
1957,1987,107,117133
1958,1988,194,117327
1959,1989,93,117420
1960,1990,95,117515
1961,1991,66,117581
1962,1992,36,117617
1963,1993,32,117649
1964,1994,72,117721
1965,1995,68,117789
1966,1996,69,117858
1967,1997,104,117962
1968,1998,61,118023
1969,1999,31,118054
1970,2000,36,118090
1971,2001,73,118163
1972,2002,78,118241
1973,2003,94,118335
1974,2004,105,118440
1975,2005,109,118549
1976,2006,37,118586
1977,2007,30,118616
1978,2008,85,118701
1979,2009,97,118798
1980,2010,92,118890
1981,2011,88,118978
1982,2012,94,119072
1983,2013,41,119113
1984,2014,43,119156
1985,2015,80,119236
1986,2016,86,119322
1987,2017,100,119422
1988,2018,96,119518
1989,2019,98,119616
1990,2020,34,119650
1991,2021,34,119684
1992,2022,100,119784
1993,2023,228,120012
1994,2024,114,120126
1995,2025,93,120219
1996,2026,67,120286
1997,2027,29,120315
1998,2028,21,120336
1999,2029,61,120397
2000,2030,81,120478
2001,2031,65,120543
2002,2032,178,120721
2003,2033,119,120840
2004,2034,35,120875
2005,2035,44,120919
2006,2036,99,121018
2007,2037,84,121102
2008,2038,116,121218
2009,2039,100,121318
2010,2040,89,121407
2011,2041,34,121441
2012,2042,31,121472
2013,2043,74,121546
2014,2044,66,121612
2015,2045,72,121684
2016,2046,80,121764
2017,2047,92,121856
2018,2048,32,121888
2019,2049,40,121928
2020,2050,54,121982
2021,2051,74,122056
2022,2052,87,122143
2023,2053,63,122206
2024,2054,79,122285
2025,2055,33,122318
2026,2056,27,122345
2027,2057,62,122407
2028,2058,190,122597
2029,2059,145,122742
2030,2060,104,122846
2031,2061,109,122955
2032,2062,31,122986
2033,2063,34,123020
2034,2064,66,123086
2035,2065,88,123174
2036,2066,84,123258
2037,2067,87,123345
2038,2068,124,123469
2039,2069,44,123513
2040,2070,38,123551
2041,2071,124,123675
2042,2072,103,123778
2043,2073,111,123889
2044,2074,86,123975
2045,2075,85,124060
2046,2076,42,124102
2047,2077,29,124131
2048,2078,66,124197
2049,2079,84,124281
2050,2080,93,124374
2051,2081,75,124449
2052,2082,74,124523
2053,2083,36,124559
2054,2084,37,124596
2055,2085,103,124699
2056,2086,183,124882
2057,2087,132,125014
2058,2088,107,125121
2059,2089,74,125195
2060,2090,28,125223
2061,2091,29,125252
2062,2092,52,125304
2063,2093,60,125364
2064,2094,86,125450
2065,2095,82,125532
2066,2096,92,125624
2067,2097,38,125662
2068,2098,46,125708
2069,2099,64,125772
2070,2100,83,125855
2071,2101,109,125964
2072,2102,84,126048
2073,2103,85,126133
2074,2104,35,126168
2075,2105,31,126199
2076,2106,56,126255
2077,2107,57,126312
2078,2108,55,126367
2079,2109,66,126433
2080,2110,73,126506
2081,2111,32,126538
2082,2112,48,126586
2083,2113,96,126682
2084,2114,164,126846
2085,2115,74,126920
2086,2116,82,127002
2087,2117,52,127054
2088,2118,33,127087
2089,2119,25,127112
2090,2120,66,127178
2091,2121,63,127241
2092,2122,72,127313
2093,2123,65,127378
2094,2124,78,127456
2095,2125,39,127495
2096,2126,33,127528
2097,2127,63,127591
2098,2128,81,127672
2099,2129,91,127763
2100,2130,97,127860
2101,2131,70,127930
2102,2132,41,127971
2103,2133,27,127998
2104,2134,75,128073
2105,2135,91,128164
2106,2136,90,128254
2107,2137,80,128334
2108,2138,65,128399
2109,2139,43,128442
2110,2140,31,128473
2111,2141,86,128559
2112,2142,138,128697
2113,2143,82,128779
2114,2144,62,128841
2115,2145,70,128911
2116,2146,26,128937
2117,2147,18,128955
2118,2148,71,129026
2119,2149,72,129098
2120,2150,68,129166
2121,2151,83,129249
2122,2152,120,129369
2123,2153,52,129421
2124,2154,46,129467
2125,2155,83,129550
2126,2156,92,129642
2127,2157,101,129743
2128,2158,103,129846
2129,2159,78,129924
2130,2160,32,129956
2131,2161,24,129980
2132,2162,82,130062
2133,2163,81,130143
2134,2164,68,130211
2135,2165,85,130296
2136,2166,58,130354
2137,2167,32,130386
2138,2168,23,130409
2139,2169,66,130475
2140,2170,81,130556
2141,2171,67,130623
2142,2172,54,130677
2143,2173,82,130759
2144,2174,22,130781
2145,2175,35,130816
2146,2176,63,130879
2147,2177,154,131033
2148,2178,90,131123
2149,2179,79,131202
2150,2180,56,131258
2151,2181,25,131283
2152,2182,25,131308
2153,2183,45,131353
2154,2184,59,131412
2155,2185,65,131477
2156,2186,74,131551
2157,2187,73,131624
2158,2188,36,131660
2159,2189,31,131691
2160,2190,76,131767
2161,2191,98,131865
2162,2192,94,131959
2163,2193,78,132037
2164,2194,62,132099
2165,2195,28,132127
2166,2196,25,132152
2167,2197,86,132238
2168,2198,80,132318
2169,2199,79,132397
2170,2200,79,132476
2171,2201,68,132544
2172,2202,29,132573
2173,2203,27,132600
2174,2204,71,132671
2175,2205,97,132768
2176,2206,71,132839
2177,2207,82,132921
2178,2208,57,132978
2179,2209,41,133019
2180,2210,19,133038
2181,2211,51,133089
2182,2212,60,133149
2183,2213,73,133222
2184,2214,70,133292
2185,2215,76,133368
2186,2216,35,133403
2187,2217,40,133443
2188,2218,70,133513
2189,2219,93,133606
2190,2220,98,133704
2191,2221,90,133794
2192,2222,87,133881
2193,2223,43,133924
2194,2224,43,133967
2195,2225,75,134042
2196,2226,69,134111
2197,2227,63,134174
2198,2228,75,134249
2199,2229,71,134320
2200,2230,28,134348
2201,2231,38,134386
2202,2232,53,134439
2203,2233,77,134516
2204,2234,71,134587
2205,2235,68,134655
2206,2236,55,134710
2207,2237,29,134739
2208,2238,25,134764
2209,2239,80,134844
2210,2240,114,134958
2211,2241,76,135034
2212,2242,66,135100
2213,2243,52,135152
2214,2244,23,135175
2215,2245,19,135194
2216,2246,80,135274
2217,2247,60,135334
2218,2248,56,135390
2219,2249,111,135501
2220,2250,90,135591
2221,2251,37,135628
2222,2252,23,135651
2223,2253,84,135735
2224,2254,108,135843
2225,2255,99,135942
2226,2256,90,136032
2227,2257,78,136110
2228,2258,29,136139
2229,2259,31,136170
2230,2260,59,136229
2231,2261,67,136296
2232,2262,48,136344
2233,2263,39,136383
2234,2264,32,136415
2235,2265,20,136435
2236,2266,23,136458
2237,2267,37,136495
2238,2268,46,136541
2239,2269,32,136573
2240,2270,42,136615
2241,2271,23,136638
2242,2272,23,136661
2243,2273,23,136684
2244,2274,42,136726
2245,2275,62,136788
2246,2276,49,136837
2247,2277,54,136891
2248,2278,65,136956
2249,2279,36,136992
2250,2280,29,137021
2251,2281,78,137099
2252,2282,63,137162
2253,2283,68,137230
2254,2284,72,137302
2255,2285,75,137377
2256,2286,41,137418
2257,2287,30,137448
2258,2288,51,137499
2259,2289,67,137566
2260,2290,85,137651
2261,2291,79,137730
2262,2292,71,137801
2263,2293,34,137835
2264,2294,22,137857
2265,2295,89,137946
2266,2296,163,138109
2267,2297,98,138207
2268,2298,69,138276
2269,2299,89,138365
2270,2300,34,138399
2271,2301,41,138440
2272,2302,52,138492
2273,2303,63,138555
2274,2304,66,138621
2275,2305,87,138708
2276,2306,105,138813
2277,2307,46,138859
2278,2308,59,138918
2279,2309,88,139006
2280,2310,116,139122
2281,2311,110,139232
2282,2312,98,139330
2283,2313,96,139426
2284,2314,47,139473
2285,2315,38,139511
2286,2316,94,139605
2287,2317,76,139681
2288,2318,88,139769
2289,2319,77,139846
2290,2320,104,139950
2291,2321,47,139997
2292,2322,36,140033
2293,2323,60,140093
2294,2324,72,140165
2295,2325,176,140341
2296,2326,86,140427
2297,2327,52,140479
2298,2328,31,140510
2299,2329,22,140532
2300,2330,85,140617
2301,2331,85,140702
2302,2332,70,140772
