,day,number,total
0,0,386,386
1,1,1,387
2,2,2,389
3,3,6,395
4,5,1,396
5,6,1,397
6,7,4,401
7,8,8,409
8,9,4,413
9,10,2,415
10,14,2,417
11,16,3,420
12,17,2,422
13,18,1,423
14,20,4,427
15,21,5,432
16,23,5,437
17,24,1,438
18,25,3,441
19,27,1,442
20,29,1,443
21,30,1,444
22,31,2,446
23,32,7,453
24,33,3,456
25,34,3,459
26,35,3,462
27,36,1,463
28,37,5,468
29,38,2,470
30,40,1,471
31,41,4,475
32,42,1,476
33,43,4,480
34,44,2,482
35,45,2,484
36,46,1,485
37,48,2,487
38,49,2,489
39,50,3,492
40,51,2,494
41,52,1,495
42,55,1,496
43,56,1,497
44,57,5,502
45,58,3,505
46,59,3,508
47,60,3,511
48,61,1,512
49,62,6,518
50,63,3,521
51,64,2,523
52,65,2,525
53,66,2,527
54,67,3,530
55,68,1,531
56,69,3,534
57,70,4,538
58,71,4,542
59,72,4,546
60,73,1,547
61,75,1,548
62,76,3,551
63,80,2,553
64,82,1,554
65,83,2,556
66,84,1,557
67,86,1,558
68,87,1,559
69,90,2,561
70,92,4,565
71,93,1,566
72,94,1,567
73,96,2,569
74,98,3,572
75,99,3,575
76,104,4,579
77,105,2,581
78,107,2,583
79,111,1,584
80,112,2,586
81,113,4,590
82,114,1,591
83,116,2,593
84,117,1,594
85,118,2,596
86,119,2,598
87,120,2,600
88,121,1,601
89,122,2,603
90,125,2,605
91,127,1,606
92,129,2,608
93,132,3,611
94,133,2,613
95,134,1,614
96,135,1,615
97,136,3,618
98,137,1,619
99,138,1,620
100,139,1,621
101,141,3,624
102,143,3,627
103,144,1,628
104,145,1,629
105,146,3,632
106,147,2,634
107,148,2,636
108,149,4,640
109,150,1,641
110,152,1,642
111,153,4,646
112,154,1,647
113,155,1,648
114,156,1,649
115,157,2,651
116,158,1,652
117,160,1,653
118,161,4,657
119,162,2,659
120,163,2,661
121,164,3,664
122,168,1,665
123,169,1,666
124,171,1,667
125,174,3,670
126,175,2,672
127,176,2,674
128,177,1,675
129,178,4,679
130,179,3,682
131,182,2,684
132,183,2,686
133,184,4,690
134,186,1,691
135,188,2,693
136,189,1,694
137,190,3,697
138,193,1,698
139,194,1,699
140,195,1,700
141,196,2,702
142,199,1,703
143,200,1,704
144,201,1,705
145,205,2,707
146,206,1,708
147,209,1,709
148,210,5,714
149,211,2,716
150,212,5,721
151,216,3,724
152,217,3,727
153,218,1,728
154,219,2,730
155,220,3,733
156,221,3,736
157,223,2,738
158,225,2,740
159,227,1,741
160,228,2,743
161,230,2,745
162,232,1,746
163,233,2,748
164,234,2,750
165,235,2,752
166,237,8,760
167,238,2,762
168,239,1,763
169,244,2,765
170,245,1,766
171,246,2,768
172,249,2,770
173,250,1,771
174,251,1,772
175,257,1,773
176,258,1,774
177,259,2,776
178,261,1,777
179,262,4,781
180,263,2,783
181,265,1,784
182,266,2,786
183,268,4,790
184,269,1,791
185,273,6,797
186,274,6,803
187,275,2,805
188,276,1,806
189,278,2,808
190,279,2,810
191,280,1,811
192,281,2,813
193,282,5,818
194,284,1,819
195,285,1,820
196,287,2,822
197,288,1,823
198,290,2,825
199,293,1,826
200,294,2,828
201,295,5,833
202,296,3,836
203,297,2,838
204,298,1,839
205,299,1,840
206,300,2,842
207,301,7,849
208,302,4,853
209,304,2,855
210,305,4,859
211,306,1,860
212,307,6,866
213,308,2,868
214,309,1,869
215,311,1,870
216,314,2,872
217,315,1,873
218,316,1,874
219,322,2,876
220,323,5,881
221,324,3,884
222,325,1,885
223,326,1,886
224,328,1,887
225,329,1,888
226,330,2,890
227,333,1,891
228,335,1,892
229,336,1,893
230,339,4,897
231,341,1,898
232,342,2,900
233,344,1,901
234,345,2,903
235,347,1,904
236,348,1,905
237,349,1,906
238,350,1,907
239,351,1,908
240,353,1,909
241,355,2,911
242,356,2,913
243,357,2,915
244,358,1,916
245,360,3,919
246,361,2,921
247,364,1,922
248,365,2,924
249,366,2,926
250,367,3,929
251,370,1,930
252,371,2,932
253,372,1,933
254,373,4,937
255,374,4,941
256,378,1,942
257,379,3,945
258,380,1,946
259,381,6,952
260,383,1,953
261,384,2,955
262,385,1,956
263,386,1,957
264,387,4,961
265,388,2,963
266,389,1,964
267,390,2,966
268,391,5,971
269,392,1,972
270,393,2,974
271,394,2,976
272,395,4,980
273,397,1,981
274,399,2,983
275,400,2,985
276,401,2,987
277,402,3,990
278,404,2,992
279,406,2,994
280,407,4,998
281,408,3,1001
282,411,1,1002
283,412,1,1003
284,413,3,1006
285,414,3,1009
286,415,3,1012
287,416,5,1017
288,420,1,1018
289,421,1,1019
290,422,2,1021
291,424,2,1023
292,426,2,1025
293,427,3,1028
294,428,3,1031
295,429,1,1032
296,434,1,1033
297,435,2,1035
298,437,1,1036
299,438,1,1037
300,439,1,1038
301,440,1,1039
302,441,2,1041
303,442,1,1042
304,443,1,1043
305,444,1,1044
306,449,3,1047
307,450,2,1049
308,451,2,1051
309,457,1,1052
310,458,3,1055
311,460,2,1057
312,461,1,1058
313,463,4,1062
314,464,5,1067
315,468,1,1068
316,469,1,1069
317,470,3,1072
318,471,7,1079
319,472,2,1081
320,475,2,1083
321,476,4,1087
322,477,2,1089
323,478,2,1091
324,479,6,1097
325,483,2,1099
326,484,1,1100
327,485,2,1102
328,486,2,1104
329,489,2,1106
330,490,3,1109
331,491,1,1110
332,492,3,1113
333,493,1,1114
334,494,1,1115
335,495,2,1117
336,496,1,1118
337,497,2,1120
338,498,7,1127
339,499,1,1128
340,500,2,1130
341,501,3,1133
342,502,4,1137
343,503,3,1140
344,504,6,1146
345,505,2,1148
346,506,3,1151
347,507,1,1152
348,508,2,1154
349,509,2,1156
350,510,5,1161
351,511,1,1162
352,512,3,1165
353,513,2,1167
354,514,5,1172
355,515,1,1173
356,517,3,1176
357,518,2,1178
358,521,3,1181
359,522,2,1183
360,524,2,1185
361,525,3,1188
362,526,10,1198
363,527,5,1203
364,528,1,1204
365,530,1,1205
366,532,3,1208
367,533,4,1212
368,534,4,1216
369,535,1,1217
370,537,1,1218
371,538,2,1220
372,539,1,1221
373,540,2,1223
374,541,2,1225
375,542,2,1227
376,543,1,1228
377,544,1,1229
378,545,3,1232
379,546,1,1233
380,547,1,1234
381,548,5,1239
382,550,1,1240
383,552,2,1242
384,553,2,1244
385,554,1,1245
386,556,1,1246
387,559,2,1248
388,560,2,1250
389,563,1,1251
390,566,2,1253
391,567,5,1258
392,569,3,1261
393,571,1,1262
394,572,1,1263
395,573,2,1265
396,574,3,1268
397,575,3,1271
398,576,1,1272
399,578,1,1273
400,580,2,1275
401,581,1,1276
402,582,2,1278
403,583,2,1280
404,584,5,1285
405,585,1,1286
406,587,2,1288
407,588,1,1289
408,589,1,1290
409,591,2,1292
410,592,1,1293
411,593,4,1297
412,594,4,1301
413,595,1,1302
414,596,3,1305
415,597,2,1307
416,598,4,1311
417,599,1,1312
418,600,4,1316
419,601,6,1322
420,602,8,1330
421,603,5,1335
422,604,2,1337
423,605,1,1338
424,608,6,1344
425,609,2,1346
426,610,5,1351
427,611,3,1354
428,612,2,1356
429,615,2,1358
430,616,4,1362
431,617,2,1364
432,618,5,1369
433,619,2,1371
434,620,3,1374
435,621,2,1376
436,623,4,1380
437,624,7,1387
438,625,7,1394
439,626,5,1399
440,629,1,1400
441,631,10,1410
442,632,2,1412
443,633,5,1417
444,634,3,1420
445,635,7,1427
446,636,5,1432
447,637,11,1443
448,638,10,1453
449,639,4,1457
450,640,4,1461
451,641,6,1467
452,642,2,1469
453,643,9,1478
454,644,3,1481
455,645,4,1485
456,646,6,1491
457,647,4,1495
458,648,1,1496
459,649,4,1500
460,650,3,1503
461,651,1,1504
462,652,14,1518
463,653,4,1522
464,654,4,1526
465,655,11,1537
466,656,3,1540
467,657,7,1547
468,658,2,1549
469,659,3,1552
470,660,6,1558
471,661,9,1567
472,662,2,1569
473,663,4,1573
474,664,2,1575
475,665,2,1577
476,666,1,1578
477,667,4,1582
478,668,4,1586
479,669,3,1589
480,671,3,1592
481,672,5,1597
482,673,3,1600
483,674,6,1606
484,675,2,1608
485,676,3,1611
486,678,1,1612
487,679,1,1613
488,680,1,1614
489,681,10,1624
490,682,13,1637
491,683,2,1639
492,684,4,1643
493,685,7,1650
494,686,7,1657
495,687,3,1660
496,688,1,1661
497,689,5,1666
498,690,4,1670
499,691,1,1671
500,692,3,1674
501,693,3,1677
502,694,2,1679
503,695,3,1682
504,696,1,1683
505,698,2,1685
506,700,5,1690
507,701,3,1693
508,702,1,1694
509,703,2,1696
510,704,1,1697
511,706,1,1698
512,707,3,1701
513,708,1,1702
514,709,5,1707
515,710,6,1713
516,713,3,1716
517,714,1,1717
518,716,4,1721
519,717,5,1726
520,718,2,1728
521,720,2,1730
522,721,3,1733
523,722,7,1740
524,723,4,1744
525,724,4,1748
526,726,3,1751
527,727,2,1753
528,728,1,1754
529,729,1,1755
530,730,1,1756
531,732,2,1758
532,734,1,1759
533,735,3,1762
534,736,2,1764
535,737,5,1769
536,738,5,1774
537,739,1,1775
538,740,1,1776
539,741,1,1777
540,742,3,1780
541,743,2,1782
542,744,3,1785
543,745,2,1787
544,746,2,1789
545,747,1,1790
546,748,1,1791
547,751,3,1794
548,752,2,1796
549,753,6,1802
550,755,2,1804
551,756,3,1807
552,757,1,1808
553,758,4,1812
554,759,3,1815
555,760,1,1816
556,762,1,1817
557,765,2,1819
558,766,2,1821
559,769,1,1822
560,770,3,1825
561,771,2,1827
562,772,2,1829
563,773,1,1830
564,774,2,1832
565,775,2,1834
566,776,2,1836
567,777,2,1838
568,778,3,1841
569,779,3,1844
570,780,1,1845
571,783,4,1849
572,784,2,1851
573,786,2,1853
574,788,1,1854
575,790,4,1858
576,791,1,1859
577,792,2,1861
578,793,2,1863
579,794,2,1865
580,799,1,1866
581,800,3,1869
582,801,7,1876
583,802,2,1878
584,803,1,1879
585,804,2,1881
586,805,1,1882
587,806,1,1883
588,807,1,1884
589,808,5,1889
590,809,1,1890
591,810,1,1891
592,811,1,1892
593,812,8,1900
594,813,2,1902
595,814,2,1904
596,815,4,1908
597,816,1,1909
598,817,1,1910
599,818,1,1911
600,819,1,1912
601,821,3,1915
602,822,1,1916
603,823,1,1917
604,824,1,1918
605,825,2,1920
606,826,5,1925
607,827,2,1927
608,828,2,1929
609,829,2,1931
610,830,1,1932
611,832,5,1937
612,833,2,1939
613,834,2,1941
614,835,2,1943
615,839,5,1948
616,840,2,1950
617,841,4,1954
618,842,4,1958
619,843,4,1962
620,846,3,1965
621,847,3,1968
622,848,4,1972
623,849,1,1973
624,851,3,1976
625,852,1,1977
626,853,3,1980
627,855,3,1983
628,856,3,1986
629,857,2,1988
630,859,1,1989
631,860,1,1990
632,861,2,1992
633,862,7,1999
634,867,3,2002
635,868,2,2004
636,870,3,2007
637,871,2,2009
638,874,3,2012
639,875,2,2014
640,876,4,2018
641,877,2,2020
642,878,3,2023
643,880,3,2026
644,881,5,2031
645,882,7,2038
646,883,3,2041
647,884,2,2043
648,885,2,2045
649,888,4,2049
650,889,3,2052
651,890,4,2056
652,891,6,2062
653,892,2,2064
654,893,2,2066
655,894,3,2069
656,895,2,2071
657,896,1,2072
658,897,2,2074
659,898,1,2075
660,899,2,2077
661,900,3,2080
662,901,1,2081
663,902,3,2084
664,903,1,2085
665,906,1,2086
666,907,2,2088
667,908,1,2089
668,909,3,2092
669,910,3,2095
670,911,5,2100
671,912,2,2102
672,913,5,2107
673,914,1,2108
674,915,2,2110
675,916,1,2111
676,917,3,2114
677,918,2,2116
678,919,1,2117
679,920,2,2119
680,921,4,2123
681,922,1,2124
682,923,1,2125
683,924,2,2127
684,925,3,2130
685,926,4,2134
686,927,2,2136
687,928,2,2138
688,929,4,2142
689,930,1,2143
690,931,1,2144
691,932,4,2148
692,933,2,2150
693,934,2,2152
694,935,1,2153
695,936,1,2154
696,937,1,2155
697,938,2,2157
698,939,3,2160
699,940,3,2163
700,941,2,2165
701,944,4,2169
702,945,2,2171
703,946,2,2173
704,947,1,2174
705,950,1,2175
706,951,2,2177
707,953,3,2180
708,954,2,2182
709,955,4,2186
710,956,1,2187
711,958,2,2189
712,960,3,2192
713,961,3,2195
714,962,3,2198
715,963,2,2200
716,966,2,2202
717,967,2,2204
718,968,1,2205
719,969,1,2206
720,970,1,2207
721,971,2,2209
722,972,1,2210
723,974,1,2211
724,976,1,2212
725,980,1,2213
726,981,1,2214
727,982,2,2216
728,983,2,2218
729,986,2,2220
730,987,3,2223
731,988,1,2224
732,989,3,2227
733,990,1,2228
734,991,1,2229
735,992,1,2230
736,993,3,2233
737,994,1,2234
738,995,6,2240
739,996,3,2243
740,997,1,2244
741,1000,5,2249
742,1001,1,2250
743,1002,4,2254
744,1003,1,2255
745,1004,1,2256
746,1005,1,2257
747,1008,2,2259
748,1009,3,2262
749,1010,2,2264
750,1011,9,2273
751,1012,1,2274
752,1014,2,2276
753,1015,4,2280
754,1016,4,2284
755,1017,5,2289
756,1018,2,2291
757,1019,2,2293
758,1020,1,2294
759,1021,3,2297
760,1022,2,2299
761,1023,6,2305
762,1024,2,2307
763,1025,3,2310
764,1026,7,2317
765,1027,1,2318
766,1028,4,2322
767,1029,1,2323
768,1030,2,2325
769,1031,1,2326
770,1032,1,2327
771,1033,1,2328
772,1034,1,2329
773,1035,4,2333
774,1037,3,2336
775,1038,3,2339
776,1039,2,2341
777,1040,2,2343
778,1042,5,2348
779,1043,3,2351
780,1044,4,2355
781,1045,4,2359
782,1047,1,2360
783,1049,1,2361
784,1050,6,2367
785,1052,1,2368
786,1054,2,2370
787,1055,1,2371
788,1056,2,2373
789,1057,3,2376
790,1058,1,2377
791,1059,2,2379
792,1060,2,2381
793,1063,1,2382
794,1065,5,2387
795,1067,1,2388
796,1068,2,2390
797,1070,3,2393
798,1071,3,2396
799,1072,3,2399
800,1073,2,2401
801,1074,6,2407
802,1075,3,2410
803,1076,2,2412
804,1077,2,2414
805,1078,4,2418
806,1079,5,2423
807,1080,6,2429
808,1081,3,2432
809,1083,3,2435
810,1084,1,2436
811,1085,2,2438
812,1087,2,2440
813,1088,3,2443
814,1090,1,2444
815,1091,2,2446
816,1092,3,2449
817,1093,1,2450
818,1094,5,2455
819,1095,2,2457
820,1096,1,2458
821,1097,2,2460
822,1098,2,2462
823,1099,4,2466
824,1100,2,2468
825,1101,1,2469
826,1102,1,2470
827,1103,3,2473
828,1104,2,2475
829,1105,2,2477
830,1106,2,2479
831,1107,1,2480
832,1109,3,2483
833,1110,3,2486
834,1112,1,2487
835,1113,5,2492
836,1114,4,2496
837,1118,1,2497
838,1119,1,2498
839,1120,1,2499
840,1122,1,2500
841,1124,1,2501
842,1126,1,2502
843,1127,2,2504
844,1128,1,2505
845,1129,6,2511
846,1130,1,2512
847,1131,2,2514
848,1132,1,2515
849,1133,1,2516
850,1134,1,2517
851,1135,1,2518
852,1137,1,2519
853,1139,1,2520
854,1140,1,2521
855,1141,2,2523
856,1143,2,2525
857,1144,5,2530
858,1146,1,2531
859,1147,2,2533
860,1148,1,2534
861,1149,1,2535
862,1150,2,2537
863,1151,1,2538
864,1154,1,2539
865,1155,1,2540
866,1156,3,2543
867,1157,3,2546
868,1158,2,2548
869,1159,1,2549
870,1160,1,2550
871,1164,3,2553
872,1165,1,2554
873,1168,2,2556
874,1169,3,2559
875,1170,2,2561
876,1172,1,2562
877,1173,1,2563
878,1176,1,2564
879,1178,1,2565
880,1180,3,2568
881,1181,1,2569
882,1183,2,2571
883,1184,2,2573
884,1185,1,2574
885,1186,2,2576
886,1187,1,2577
887,1189,6,2583
888,1190,4,2587
889,1191,3,2590
890,1192,2,2592
891,1193,3,2595
892,1194,2,2597
893,1196,2,2599
894,1197,1,2600
895,1198,2,2602
896,1199,4,2606
897,1200,1,2607
898,1202,2,2609
899,1203,1,2610
900,1204,1,2611
901,1205,1,2612
902,1206,1,2613
903,1207,1,2614
904,1208,1,2615
905,1209,2,2617
906,1210,2,2619
907,1211,1,2620
908,1213,1,2621
909,1217,2,2623
910,1218,2,2625
911,1219,4,2629
912,1220,1,2630
913,1221,1,2631
914,1222,1,2632
915,1223,1,2633
916,1224,1,2634
917,1225,1,2635
918,1227,4,2639
919,1230,1,2640
920,1231,1,2641
921,1232,1,2642
922,1233,2,2644
923,1234,1,2645
924,1235,1,2646
925,1236,3,2649
926,1239,1,2650
927,1240,1,2651
928,1241,2,2653
929,1244,3,2656
930,1245,1,2657
931,1248,1,2658
932,1252,2,2660
933,1253,3,2663
934,1255,3,2666
935,1258,1,2667
936,1261,1,2668
937,1262,2,2670
938,1263,1,2671
939,1269,3,2674
940,1274,1,2675
941,1276,2,2677
942,1277,6,2683
943,1278,1,2684
944,1280,5,2689
945,1281,5,2694
946,1283,1,2695
947,1284,2,2697
948,1287,2,2699
949,1288,1,2700
950,1289,2,2702
951,1290,3,2705
952,1291,1,2706
953,1294,3,2709
954,1295,3,2712
955,1296,2,2714
956,1297,1,2715
957,1298,1,2716
958,1303,2,2718
959,1304,1,2719
960,1308,1,2720
961,1309,3,2723
962,1310,2,2725
963,1311,3,2728
964,1312,1,2729
965,1315,3,2732
966,1316,1,2733
967,1317,1,2734
968,1318,3,2737
969,1319,4,2741
970,1320,1,2742
971,1322,6,2748
972,1323,4,2752
973,1325,1,2753
974,1329,3,2756
975,1330,3,2759
976,1331,2,2761
977,1333,1,2762
978,1334,1,2763
979,1338,2,2765
980,1346,2,2767
981,1347,1,2768
982,1349,1,2769
983,1350,2,2771
984,1351,2,2773
985,1352,2,2775
986,1353,2,2777
987,1357,2,2779
988,1358,3,2782
989,1359,2,2784
990,1360,2,2786
991,1361,1,2787
992,1366,1,2788
993,1367,1,2789
994,1368,1,2790
995,1369,1,2791
996,1371,1,2792
997,1372,1,2793
998,1374,1,2794
999,1375,2,2796
1000,1376,4,2800
1001,1378,1,2801
1002,1380,3,2804
1003,1382,1,2805
1004,1384,1,2806
1005,1385,2,2808
1006,1386,1,2809
1007,1389,2,2811
1008,1391,4,2815
1009,1394,2,2817
1010,1395,2,2819
1011,1396,1,2820
1012,1398,1,2821
1013,1400,1,2822
1014,1402,3,2825
1015,1403,1,2826
1016,1404,1,2827
1017,1405,1,2828
1018,1406,1,2829
1019,1407,1,2830
1020,1408,1,2831
1021,1409,2,2833
1022,1411,3,2836
1023,1413,3,2839
1024,1414,4,2843
1025,1416,1,2844
1026,1417,1,2845
1027,1418,1,2846
1028,1420,1,2847
1029,1421,4,2851
1030,1424,2,2853
1031,1426,1,2854
1032,1427,3,2857
1033,1428,2,2859
1034,1429,1,2860
1035,1430,1,2861
1036,1431,2,2863
1037,1433,1,2864
1038,1435,1,2865
1039,1436,3,2868
1040,1437,2,2870
1041,1438,1,2871
1042,1440,2,2873
1043,1442,2,2875
1044,1444,3,2878
1045,1445,2,2880
1046,1447,1,2881
1047,1448,1,2882
1048,1449,2,2884
1049,1450,3,2887
1050,1451,5,2892
1051,1454,3,2895
1052,1456,3,2898
1053,1457,1,2899
1054,1458,1,2900
1055,1459,1,2901
1056,1460,1,2902
1057,1462,1,2903
1058,1464,1,2904
1059,1467,1,2905
1060,1468,1,2906
1061,1469,2,2908
1062,1470,1,2909
1063,1471,1,2910
1064,1473,2,2912
1065,1474,1,2913
1066,1475,1,2914
1067,1476,2,2916
1068,1477,4,2920
1069,1478,5,2925
1070,1479,1,2926
1071,1480,2,2928
1072,1481,6,2934
1073,1484,2,2936
1074,1487,2,2938
1075,1489,1,2939
1076,1490,3,2942
1077,1491,3,2945
1078,1492,4,2949
1079,1494,2,2951
1080,1495,2,2953
1081,1496,1,2954
1082,1497,1,2955
1083,1498,2,2957
1084,1499,3,2960
1085,1500,1,2961
1086,1501,1,2962
1087,1506,2,2964
1088,1507,2,2966
1089,1508,1,2967
1090,1509,3,2970
1091,1512,3,2973
1092,1513,1,2974
1093,1514,3,2977
1094,1515,2,2979
1095,1516,3,2982
1096,1517,1,2983
1097,1521,2,2985
1098,1522,2,2987
1099,1523,2,2989
1100,1524,2,2991
1101,1525,2,2993
1102,1526,1,2994
1103,1527,3,2997
1104,1528,4,3001
1105,1529,3,3004
1106,1530,1,3005
1107,1531,2,3007
1108,1532,2,3009
1109,1533,1,3010
1110,1534,1,3011
1111,1537,1,3012
1112,1540,1,3013
1113,1541,3,3016
1114,1542,4,3020
1115,1543,2,3022
1116,1544,4,3026
1117,1545,2,3028
1118,1546,1,3029
1119,1554,2,3031
1120,1555,1,3032
1121,1556,1,3033
1122,1557,2,3035
1123,1559,1,3036
1124,1560,1,3037
1125,1561,3,3040
1126,1565,1,3041
1127,1567,1,3042
1128,1570,2,3044
1129,1572,1,3045
1130,1574,2,3047
1131,1575,1,3048
1132,1576,1,3049
1133,1577,1,3050
1134,1578,1,3051
1135,1580,2,3053
1136,1583,3,3056
1137,1584,1,3057
1138,1589,1,3058
1139,1590,1,3059
1140,1592,1,3060
1141,1595,1,3061
1142,1597,1,3062
1143,1600,1,3063
1144,1602,2,3065
1145,1603,2,3067
1146,1604,2,3069
1147,1605,2,3071
1148,1606,1,3072
1149,1607,1,3073
1150,1608,1,3074
1151,1609,3,3077
1152,1611,2,3079
1153,1612,1,3080
1154,1613,3,3083
1155,1615,2,3085
1156,1616,2,3087
1157,1617,2,3089
1158,1620,1,3090
1159,1626,4,3094
1160,1627,3,3097
1161,1628,1,3098
1162,1629,2,3100
1163,1633,2,3102
1164,1634,1,3103
1165,1635,2,3105
1166,1638,1,3106
1167,1643,1,3107
1168,1644,2,3109
1169,1646,1,3110
1170,1647,1,3111
1171,1648,2,3113
1172,1650,1,3114
1173,1651,1,3115
1174,1652,1,3116
1175,1654,1,3117
1176,1655,2,3119
1177,1656,1,3120
1178,1659,1,3121
1179,1660,1,3122
1180,1663,1,3123
1181,1665,1,3124
1182,1667,3,3127
1183,1668,3,3130
1184,1670,1,3131
1185,1674,1,3132
1186,1675,2,3134
1187,1677,3,3137
1188,1678,1,3138
1189,1679,1,3139
1190,1681,2,3141
1191,1682,4,3145
1192,1683,1,3146
1193,1686,1,3147
1194,1687,1,3148
1195,1689,1,3149
1196,1691,1,3150
1197,1693,1,3151
1198,1694,2,3153
1199,1696,1,3154
1200,1697,2,3156
1201,1703,1,3157
1202,1706,1,3158
1203,1707,2,3160
1204,1711,1,3161
1205,1715,2,3163
1206,1717,4,3167
1207,1718,1,3168
1208,1721,1,3169
1209,1722,5,3174
1210,1723,1,3175
1211,1725,3,3178
1212,1726,2,3180
1213,1728,1,3181
1214,1729,1,3182
1215,1730,4,3186
1216,1731,1,3187
1217,1732,4,3191
1218,1733,4,3195
1219,1734,3,3198
1220,1737,1,3199
1221,1738,1,3200
1222,1739,1,3201
1223,1743,1,3202
1224,1745,2,3204
1225,1749,2,3206
1226,1750,2,3208
1227,1751,1,3209
1228,1753,1,3210
1229,1754,2,3212
1230,1757,1,3213
1231,1758,1,3214
1232,1759,1,3215
1233,1765,1,3216
1234,1766,2,3218
1235,1767,1,3219
1236,1769,1,3220
1237,1771,1,3221
1238,1772,1,3222
1239,1773,2,3224
1240,1774,5,3229
1241,1776,1,3230
1242,1777,3,3233
1243,1778,3,3236
1244,1779,2,3238
1245,1780,5,3243
1246,1781,1,3244
1247,1784,5,3249
1248,1785,4,3253
1249,1786,3,3256
1250,1787,4,3260
1251,1788,5,3265
1252,1789,5,3270
1253,1791,1,3271
1254,1792,3,3274
1255,1793,2,3276
1256,1794,6,3282
1257,1795,2,3284
1258,1797,1,3285
1259,1798,3,3288
1260,1799,2,3290
1261,1801,2,3292
1262,1805,8,3300
1263,1806,1,3301
1264,1807,4,3305
1265,1808,2,3307
1266,1809,1,3308
1267,1810,2,3310
1268,1812,2,3312
1269,1814,1,3313
1270,1815,4,3317
1271,1816,2,3319
1272,1817,1,3320
1273,1819,1,3321
1274,1820,2,3323
1275,1821,3,3326
1276,1822,2,3328
1277,1823,1,3329
1278,1826,3,3332
1279,1827,2,3334
1280,1830,3,3337
1281,1833,2,3339
1282,1834,3,3342
1283,1835,1,3343
1284,1836,2,3345
1285,1837,4,3349
1286,1838,2,3351
1287,1841,9,3360
1288,1842,3,3363
1289,1843,3,3366
1290,1844,1,3367
1291,1848,9,3376
1292,1849,1,3377
1293,1850,1,3378
1294,1851,3,3381
1295,1854,3,3384
1296,1857,1,3385
1297,1858,3,3388
1298,1861,2,3390
1299,1863,1,3391
1300,1864,2,3393
1301,1868,1,3394
1302,1870,2,3396
1303,1871,2,3398
1304,1878,1,3399
1305,1880,1,3400
1306,1882,1,3401
1307,1884,1,3402
1308,1892,1,3403
1309,1897,1,3404
1310,1899,1,3405
1311,1900,1,3406
1312,1901,1,3407
1313,1902,1,3408
1314,1903,1,3409
1315,1905,5,3414
1316,1907,1,3415
1317,1911,1,3416
1318,1912,1,3417
1319,1913,1,3418
1320,1916,2,3420
1321,1917,1,3421
1322,1918,2,3423
1323,1920,1,3424
1324,1921,1,3425
1325,1924,2,3427
1326,1932,1,3428
1327,1933,1,3429
1328,1934,1,3430
1329,1938,1,3431
1330,1941,1,3432
1331,1944,1,3433
1332,1947,1,3434
1333,1948,1,3435
1334,1953,3,3438
1335,1955,1,3439
1336,1956,2,3441
1337,1960,3,3444
1338,1963,1,3445
1339,1969,2,3447
1340,1970,1,3448
1341,1974,1,3449
1342,1975,1,3450
1343,1978,1,3451
1344,1979,1,3452
1345,1981,1,3453
1346,1985,1,3454
1347,1988,2,3456
1348,1989,2,3458
1349,1994,1,3459
1350,1995,1,3460
1351,1998,1,3461
1352,1999,2,3463
1353,2000,1,3464
1354,2003,2,3466
1355,2004,2,3468
1356,2005,1,3469
1357,2006,2,3471
1358,2008,1,3472
1359,2009,2,3474
1360,2010,1,3475
1361,2015,1,3476
1362,2016,1,3477
1363,2021,2,3479
1364,2022,1,3480
1365,2023,1,3481
1366,2024,3,3484
1367,2029,1,3485
1368,2032,1,3486
1369,2034,1,3487
1370,2037,1,3488
1371,2038,1,3489
1372,2039,1,3490
1373,2041,1,3491
1374,2046,1,3492
1375,2050,1,3493
1376,2051,3,3496
1377,2053,2,3498
1378,2059,4,3502
1379,2060,1,3503
1380,2061,1,3504
1381,2062,1,3505
1382,2065,1,3506
1383,2074,1,3507
1384,2075,1,3508
1385,2078,3,3511
1386,2081,1,3512
1387,2082,2,3514
1388,2088,1,3515
1389,2094,3,3518
1390,2097,1,3519
1391,2104,2,3521
1392,2106,1,3522
1393,2108,1,3523
1394,2110,2,3525
1395,2116,1,3526
1396,2117,2,3528
1397,2119,1,3529
1398,2121,1,3530
1399,2124,1,3531
1400,2127,1,3532
1401,2128,4,3536
1402,2129,3,3539
1403,2130,1,3540
1404,2131,1,3541
1405,2132,2,3543
1406,2133,1,3544
1407,2139,1,3545
1408,2142,1,3546
1409,2145,1,3547
1410,2152,1,3548
1411,2154,1,3549
1412,2157,1,3550
1413,2160,1,3551
1414,2161,1,3552
1415,2164,1,3553
1416,2166,1,3554
1417,2168,1,3555
1418,2176,1,3556
1419,2184,1,3557
1420,2185,2,3559
1421,2190,1,3560
1422,2193,2,3562
1423,2195,2,3564
1424,2197,2,3566
1425,2199,1,3567
1426,2200,1,3568
1427,2201,2,3570
1428,2207,1,3571
1429,2212,1,3572
1430,2213,1,3573
1431,2214,1,3574
1432,2215,2,3576
1433,2216,1,3577
1434,2219,3,3580
1435,2220,4,3584
1436,2222,1,3585
1437,2228,2,3587
1438,2229,1,3588
1439,2230,1,3589
1440,2231,1,3590
1441,2232,1,3591
1442,2233,1,3592
1443,2234,1,3593
1444,2236,1,3594
1445,2237,1,3595
1446,2241,1,3596
1447,2246,2,3598
1448,2247,1,3599
1449,2248,1,3600
1450,2250,2,3602
1451,2253,1,3603
1452,2254,1,3604
1453,2259,2,3606
1454,2261,2,3608
1455,2262,1,3609
1456,2263,1,3610
1457,2264,1,3611
1458,2266,1,3612
1459,2267,2,3614
1460,2268,2,3616
1461,2269,2,3618
1462,2270,1,3619
1463,2271,1,3620
1464,2272,1,3621
1465,2273,1,3622
1466,2274,1,3623
1467,2275,1,3624
1468,2277,1,3625
1469,2281,2,3627
1470,2282,1,3628
1471,2283,1,3629
1472,2287,1,3630
1473,2288,2,3632
1474,2293,1,3633
1475,2297,1,3634
1476,2299,3,3637
1477,2300,1,3638
1478,2303,1,3639
1479,2305,1,3640
1480,2309,1,3641
1481,2311,1,3642
1482,2312,1,3643
1483,2313,1,3644
1484,2316,2,3646
1485,2317,1,3647
1486,2319,5,3652
1487,2322,1,3653
1488,2323,1,3654
1489,2324,1,3655
1490,2325,6,3661
1491,2326,2,3663
1492,2329,1,3664
1493,2331,1,3665
1494,2333,1,3666
1495,2334,1,3667
1496,2335,2,3669
1497,2337,1,3670
1498,2338,3,3673
1499,2339,1,3674
1500,2345,1,3675
1501,2346,1,3676
1502,2351,1,3677
1503,2352,1,3678
1504,2354,1,3679
1505,2358,1,3680
1506,2359,1,3681
1507,2364,1,3682
1508,2365,3,3685
1509,2370,1,3686
1510,2373,1,3687
1511,2375,1,3688
1512,2376,3,3691
1513,2377,1,3692
1514,2378,1,3693
1515,2380,3,3696
1516,2382,1,3697
1517,2386,1,3698
1518,2388,1,3699
1519,2390,1,3700
1520,2391,1,3701
1521,2392,1,3702
1522,2398,1,3703
1523,2399,1,3704
1524,2400,1,3705
1525,2402,1,3706
1526,2404,1,3707
1527,2407,1,3708
1528,2408,1,3709
1529,2411,1,3710
1530,2412,1,3711
1531,2416,1,3712
1532,2417,1,3713
1533,2434,3,3716
1534,2435,2,3718
1535,2436,1,3719
1536,2437,2,3721
1537,2445,1,3722
1538,2446,1,3723
1539,2449,1,3724
1540,2450,1,3725
1541,2452,1,3726
1542,2453,3,3729
1543,2454,2,3731
1544,2458,1,3732
1545,2463,1,3733
1546,2464,1,3734
1547,2466,1,3735
1548,2470,2,3737
1549,2472,2,3739
1550,2474,1,3740
1551,2476,1,3741
1552,2477,3,3744
1553,2478,1,3745
1554,2479,1,3746
1555,2480,1,3747
1556,2481,1,3748
1557,2487,1,3749
1558,2488,1,3750
1559,2497,1,3751
1560,2498,2,3753
1561,2504,1,3754
1562,2506,1,3755
1563,2508,1,3756
1564,2513,2,3758
1565,2519,1,3759
1566,2521,1,3760
1567,2522,2,3762
1568,2523,2,3764
1569,2528,1,3765
1570,2529,1,3766
1571,2534,1,3767
1572,2535,2,3769
1573,2538,2,3771
1574,2542,2,3773
1575,2548,1,3774
1576,2549,1,3775
1577,2550,2,3777
1578,2556,1,3778
1579,2563,2,3780
1580,2565,2,3782
1581,2566,2,3784
1582,2567,1,3785
1583,2568,1,3786
1584,2572,1,3787
1585,2573,7,3794
1586,2578,1,3795
1587,2580,1,3796
1588,2583,2,3798
1589,2586,1,3799
1590,2587,1,3800
1591,2591,1,3801
1592,2594,3,3804
1593,2596,1,3805
1594,2597,1,3806
1595,2605,2,3808
1596,2606,1,3809
1597,2609,1,3810
1598,2614,2,3812
1599,2617,1,3813
1600,2618,1,3814
1601,2632,1,3815
1602,2635,1,3816
1603,2639,1,3817
1604,2644,1,3818
1605,2647,2,3820
1606,2649,1,3821
1607,2654,1,3822
1608,2660,2,3824
1609,2662,1,3825
1610,2674,2,3827
1611,2677,1,3828
1612,2681,2,3830
1613,2684,6,3836
1614,2687,1,3837
1615,2689,1,3838
1616,2691,1,3839
1617,2694,2,3841
1618,2696,1,3842
1619,2697,2,3844
1620,2705,2,3846
1621,2709,1,3847
1622,2711,1,3848
1623,2717,2,3850
1624,2724,1,3851
1625,2730,1,3852
1626,2732,1,3853
1627,2735,1,3854
1628,2738,1,3855
1629,2739,2,3857
1630,2740,1,3858
1631,2742,1,3859
1632,2744,2,3861
1633,2750,1,3862
1634,2753,1,3863
1635,2754,1,3864
1636,2759,1,3865
1637,2768,2,3867
1638,2772,1,3868
1639,2774,1,3869
1640,2775,1,3870
1641,2777,1,3871
1642,2780,1,3872
1643,2783,1,3873
1644,2785,1,3874
1645,2802,1,3875
1646,2806,1,3876
1647,2807,1,3877
1648,2809,1,3878
1649,2811,1,3879
1650,2814,1,3880
1651,2817,1,3881
1652,2829,1,3882
1653,2835,1,3883
1654,2838,2,3885
1655,2840,1,3886
1656,2844,1,3887
